trigger,name,number,z,t90,detector,LATburst,flux,flux_ci_lo,flux_ci_up,fluence,fluence_ci_lo,fluence_ci_up,DL1,DL2,DL3,eiso1,eiso1_ci_lo,eiso1_ci_up,eiso1_err,eiso2,eiso2_ci_lo,eiso2_ci_up,eiso2_err,eiso3,eiso3_ci_lo,eiso3_ci_up,eiso3_err
bn080916009,GRB080916C,5,4.35,62.977,L,Y,1.51011984358e-06,1.4794506448754e-06,1.5407890422846e-06,9.51028173891e-05,9.317136326228e-05,9.703427151592e-05,1.2507879819795937e+29,9.229856492467287e+28,2.091661450920439e+29,3.4947560422043007e+54,3.4237806372136366e+54,3.565731447194966e+54,7.097540499066406e+52,1.9030025144812063e+54,1.8643542161357907e+54,1.9416508128266226e+54,3.86482983454156e+52,9.77309791517322e+54,9.574614938345652e+54,9.971580892000789e+54,1.9848297682756768e+53
bn090323002,GRB090323,13,3.57,135.17,L,Y,1.13852576948e-06,1.1133203924638e-06,1.1637311464962e-06,0.000153894528261,0.00015048751744972002,0.00015730153907228,9.895276171302687e+28,7.814458393831072e+28,1.503259383005748e+29,4.143550935686201e+54,4.051818481033687e+54,4.235283390338715e+54,9.173245465251411e+52,2.5841314944192606e+54,2.5269224172756993e+54,2.641340571562822e+54,5.720907714356134e+52,9.562791553003156e+54,9.35108464844159e+54,9.774498457564721e+54,2.1170690456156566e+53
bn090328401,GRB090328A,14,0.736,61.696999999999996,L,Y,1.28926041483e-06,1.2521478129139e-06,1.3263730167461e-06,7.95434998135e-05,7.725376361308001e-05,8.183323601392e-05,1.4375544782114527e+28,1.4418864377023105e+28,1.471112290154162e+28,1.1899082138713592e+53,1.155655560683274e+53,1.2241608670594447e+53,3.425265318808527e+51,1.1970904122572244e+53,1.1626310125759463e+53,1.2315498119385023e+53,3.445939968127811e+51,1.2461103009777387e+53,1.2102398166194337e+53,1.2819807853360437e+53,3.5870484358304996e+51
bn090510016,GRB090510,17,0.903,0.96,L,Y,1.28904015057e-05,1.1993987300916e-05,1.3786815710484e-05,1.23747854455e-05,1.1514227808907001e-05,1.3235343082093e-05,1.8476586159611765e+28,1.834831043250961e+28,1.9274171827725446e+28,2.7896660471240844e+52,2.5956692759501793e+52,2.9836628182979894e+52,1.9399677117390505e+51,2.7510653831925597e+52,2.559752949154852e+52,2.9423778172302674e+52,1.9131243403770767e+51,3.0357094762705003e+52,2.82460254566652e+52,3.246816406874481e+52,2.1110693060398007e+51
bn090902462,GRB090902B,20,1.8219999999999998,19.328,L,Y,2.04645075205e-05,2.0305638443708e-05,2.0623376597292002e-05,0.000395538001357,0.00039246737984076,0.00039860862287323997,4.387160345929926e+28,4.0877587653827765e+28,5.213383110972145e+28,3.3900654636608766e+54,3.363747871119917e+54,3.416383056201837e+54,2.6317592540959616e+52,2.9431445069516772e+54,2.9202964296052665e+54,2.9659925842980875e+54,2.284807734641065e+52,4.787186539492429e+54,4.7500228840661765e+54,4.8243501949186804e+54,3.7163655426252275e+52
bn090926181,GRB090926A,21,2.1062,13.76,L,Y,1.29745121832e-05,1.2904839069605099e-05,1.30441852967949e-05,0.00017852928764,0.000177570585596934,0.00017948798968306598,5.237496086568281e+28,4.7664876328072565e+28,6.492332261630193e+28,1.9812411685538862e+54,1.9706019060485137e+54,1.991880431059258e+54,1.0639262505372542e+52,1.6409179349683997e+54,1.6321062077859663e+54,1.6497296621508327e+54,8.811727182433354e+51,3.044327679975552e+54,3.0279796442827178e+54,3.0606757156683853e+54,1.6348035692834095e+52
bn091003191,GRB091003,24,0.8969,20.224,L,Y,2.0266646042900003e-06,1.9686041625635003e-06,2.0847250460165003e-06,4.09872649571e-05,3.981305058362e-05,4.216147933058e-05,1.8323085283342767e+28,1.8202729707700243e+28,1.909978544765318e+28,9.116152311127857e+52,8.854990287124472e+52,9.377314335131241e+52,2.6116202400338503e+51,8.996786350882515e+52,8.739043955546011e+52,9.25452874621902e+52,2.5774239533650387e+51,9.90538463356508e+52,9.621612466191778e+52,1.018915680093838e+53,2.8377216737330145e+51
bn091208410,GRB091208B,28,1.0633,12.48,L,Y,6.48451861614e-07,5.840775647785e-07,7.128261584495e-07,8.092679232939999e-06,7.2892880084329985e-06,8.896070457446996e-06,2.259961270380683e+28,2.221660822599643e+28,2.4065178310466704e+28,2.5173395886029604e+52,2.267433658023656e+52,2.7672455191822635e+52,2.499059305793044e+51,2.4327379262886015e+52,2.1912307263553122e+52,2.6742451262218905e+52,2.415071999332893e+51,2.854420688509903e+52,2.571051427701208e+52,3.1377899493185974e+52,2.833692608086953e+51
bn100728095,GRB100728A,33,1.567,165.378,L,Y,8.42341754662e-07,8.144666615495998e-07,8.702168477743997e-07,0.00013930479470200001,0.00013469486755326,0.00014391472185074002,3.645783997853054e+28,3.4631302544822814e+28,4.171154602210775e+28,9.064251115710232e+53,8.764293476845777e+53,9.364208754574686e+53,2.999576388644544e+52,8.178764679805786e+53,7.908109894223942e+53,8.44941946538763e+53,2.7065478558184304e+52,1.1864860437510201e+54,1.147222397180997e+54,1.2257496903210432e+54,3.9263646570023066e+52
bn110731465,GRB110731A,42,2.83,7.485,L,Y,4.40928305061e-06,4.3350218938351e-06,4.4835442073849006e-06,3.30034836338e-05,3.2447638875340004e-05,3.3559328392259995e-05,7.491895730833241e+28,6.365104069353217e+28,1.0306861464559164e+29,6.077910806149876e+53,5.975546616312477e+53,6.180274995987274e+53,1.0236418983739922e+52,4.387144016260738e+53,4.313255725160756e+53,4.4610323073607175e+53,7.388829109998154e+51,1.1503334564426742e+54,1.13095953733342e+54,1.1697073755519281e+54,1.9373919109254135e+52
bn130518580,GRB130518A,58,2.49,48.577,L,Y,2.35414355785e-06,2.3164310273906003e-06,2.3918560883094003e-06,0.00011435723161,0.00011252527001787,0.00011618919320213,6.41893613286999e+28,5.639427562258323e+28,8.415435949971096e+28,1.696579361036368e+54,1.6694007717712945e+54,1.723757950301442e+54,2.717858926507353e+52,1.3095380309301727e+54,1.2885597041350719e+54,1.3305163577252736e+54,2.0978326795100788e+52,2.9160925824500107e+54,2.869377831358778e+54,2.9628073335412436e+54,4.671475109123259e+52
bn131108862,GRB131108A,65,2.4,18.496,L,Y,2.3442647341e-06,2.3058563694326003e-06,2.3826730987674e-06,4.33595205219e-05,4.2649119409012e-05,4.4069921634788e-05,6.138846383442763e+28,5.439793501979877e+28,7.944285568867504e+28,6.0393326263039965e+53,5.940384377633668e+53,6.138280874974325e+53,9.894824867032844e+51,4.7422041457056095e+53,4.664508012028352e+53,4.8199002793828675e+53,7.769613367725795e+51,1.01140503717094e+54,9.94834206697299e+53,1.0279758676445811e+54,1.6570830473640995e+52
bn131231198,GRB131231A,66,0.642,31.232,L,Y,5.54758407497e-06,5.4996319958128e-06,5.5955361541272e-06,0.00017326214582900006,0.00017176450649276004,0.00017475978516524003,1.2169328945422757e+28,1.2269231321349122e+28,1.2336602998651161e+28,1.9636933124998444e+53,1.9467195855784792e+53,1.9806670394212092e+53,1.6973726921365225e+51,1.9960669749367163e+53,1.9788134172993472e+53,2.0133205325740844e+53,1.7253557637369006e+51,2.0180484005448763e+53,2.000604840368292e+53,2.0354919607214598e+53,1.7443560176584327e+51
bn081221681,GRB081221,9,2.26,29.695999999999998,G,N,9.76519155077e-07,9.596440215741998e-07,9.933942885798001e-07,2.89987128292e-05,2.8497588864701e-05,2.9499836793699e-05,5.706753556584883e+28,5.122968018876753e+28,7.235963683810134e+28,3.640400970611513e+53,3.5774915519244226e+53,3.7033103892986037e+53,6.290941868709056e+51,2.9336903656577725e+53,2.8829935448950732e+53,2.9843871864204717e+53,5.069682076269923e+51,5.852800787752704e+53,5.751659100828306e+53,5.953942474677104e+53,1.0114168692439862e+52
bn081222204,GRB081222,10,2.77,18.88,G,N,7.18913321677e-07,6.763336277370999e-07,7.614930156169e-07,1.35730835133e-05,1.2769178891714999e-05,1.4376988134885001e-05,7.300945023861553e+28,6.240226813278936e+28,9.960269679062433e+28,2.411599535257268e+53,2.268765667779339e+53,2.5544334027351976e+53,1.4283386747792918e+52,1.7617642200287588e+53,1.6574187043442485e+53,1.8661097357132693e+53,1.043455156845103e+52,4.488375981723724e+53,4.222539100105542e+53,4.754212863341905e+53,2.658368816181819e+52
bn090424592,GRB090424,16,0.544,14.144,G,N,3.73773642115e-06,3.6531070528161e-06,3.8223657894839e-06,5.28665439408e-05,5.166954615508e-05,5.406354172652e-05,9.959481341468048e+27,1.0089525198402434e+28,1.0011257895286163e+28,4.267926510965561e+52,4.171292643827164e+52,4.364560378103957e+52,9.663386713839675e+50,4.3801092881734546e+52,4.2809353923911557e+52,4.479283183955754e+52,9.917389578229889e+50,4.3124173678329945e+52,4.2147761441854466e+52,4.4100585914805425e+52,9.764122364754792e+50
bn090618353,GRB090618,19,0.54,112.384,G,N,2.8624804033e-06,2.8206285281310007e-06,2.904332278469e-06,0.000321696997644,0.00031699351650501005,0.00032640047878299,9.871401768925711e+27,1.0002081588213672e+28,9.919625323359734e+27,2.557960343496545e+53,2.5205608081635027e+53,2.595359878829587e+53,3.7399535333042077e+51,2.6261343270617694e+53,2.5877380306516355e+53,2.664530623471903e+53,3.839629641013392e+51,2.583013572153203e+53,2.5452477375095666e+53,2.62077940679684e+53,3.7765834643636633e+51
bn090926914,GRB090926B,22,1.24,55.552,G,N,1.6900191563499998e-07,1.589841306651e-07,1.7901970060489994e-07,9.38839441733e-06,8.831886426682001e-06,9.944902407978e-06,2.7321651629699978e+28,2.6549225040594463e+28,2.980931079616648e+28,3.9315795837679207e+52,3.698530634503854e+52,4.164628533031987e+52,2.3304894926406644e+51,3.7124179999299013e+52,3.492360108266034e+52,3.932475891593768e+52,2.200578916638671e+51,4.680120578468382e+52,4.4027009917596995e+52,4.957540165177065e+52,2.7741958670868247e+51
bn091127976,GRB091127,27,0.49,8.704,G,N,2.8978603432e-06,2.848956052652e-06,2.946764633748e-06,2.52229764272e-05,2.4797313482270002e-05,2.5648639372129997e-05,8.785331363494429e+27,8.920244722127985e+27,8.796053525973713e+27,1.6418603808183087e+52,1.6141523453737152e+52,1.6695684162629025e+52,2.770803544459356e+50,1.6926745636232454e+52,1.6641089880402232e+52,1.7212401392062676e+52,2.8565575583022217e+50,1.6458704825954167e+52,1.6180947726740682e+52,1.6736461925167655e+52,2.777570992134852e+50
bn100615083,GRB100615A,31,1.3980000000000001,37.376,G,N,3.40987803297e-07,3.165618793594001e-07,3.6541372723459997e-07,1.2744760136e-05,1.1831816802908e-05,1.3657703469091999e-05,3.167790069086771e+28,3.045343213329164e+28,3.5354527805645037e+28,6.702011017019936e+52,6.221926950234366e+52,7.182095083805504e+52,4.8008406678557015e+51,6.193909303946817e+52,5.750222004658852e+52,6.637596603234781e+52,4.4368729928796466e+51,8.347999874045407e+52,7.750008954770674e+52,8.945990793320139e+52,5.979909192747328e+51
bn100814160,GRB100814A,35,1.44,150.528,G,N,1.5343246776300002e-07,1.3544406524960002e-07,1.7142087027640002e-07,2.30958825075e-05,2.038812425396e-05,2.5803640761039998e-05,3.2854846726455715e+28,3.1492624843841175e+28,3.6893338010071055e+28,1.283965901281444e+53,1.1334339064408155e+53,1.4344978961220724e+53,1.5053199484062847e+52,1.179702007843366e+53,1.041393898273694e+53,1.318010117413038e+53,1.3830810956967209e+52,1.6190136146145152e+53,1.429200669552014e+53,1.8088265596770163e+53,1.898129450625013e+52
bn100816026,GRB100816A,36,0.804,2.048,G,N,2.10534592295e-06,1.944503082499e-06,2.266188763401e-06,4.3117484501900004e-06,3.9823423129459996e-06,4.6411545874340005e-06,1.6019134835134962e+28,1.6003795718162398e+28,1.651613177869667e+28,7.707346083439976e+51,7.118525299695793e+51,8.296166867184157e+51,5.888207837441831e+50,7.692592817209427e+51,7.10489914384677e+51,8.280286490572083e+51,5.8769367336265665e+50,8.193008878126859e+51,7.567084745926929e+51,8.81893301032679e+51,6.259241321999305e+50
bn100906576,GRB100906A,37,1.7269999999999999,110.59200000000001,G,N,3.07709178937e-07,2.845358440613e-07,3.308825138127e-07,3.4030173517e-05,3.146738806643e-05,3.659295896757e-05,4.108360097319729e+28,3.8563213559040564e+28,4.813445247241633e+28,2.646829062049687e+53,2.4474984589606914e+53,2.8461596651386827e+53,1.9933060308899565e+52,2.3320363981456905e+53,2.1564125815823737e+53,2.507660214709007e+53,1.7562381656331673e+52,3.633297514929546e+53,3.359676752925437e+53,3.906918276933654e+53,2.736207620041088e+52
bn110213220,GRB110213A,41,1.46,34.304,G,N,4.6737247912600004e-07,4.417326934693e-07,4.930122647827001e-07,1.60327455239e-05,1.5153198316732999e-05,1.6912292731067e-05,3.3417922212672877e+28,3.198739963579387e+28,3.7635651331004905e+28,9.146217900531676e+52,8.644461641844634e+52,9.647974159218716e+52,5.017562586870416e+51,8.379932661634224e+52,7.920214370852358e+52,8.839650952416088e+52,4.5971829078186607e+51,1.1600628768559305e+53,1.0964224939935102e+53,1.2237032597183507e+53,6.364038286242023e+51
bn111228657,GRB111228A,45,0.716,101.3776979,G,N,2.41093675437e-07,2.261649731159e-07,2.5602237775809997e-07,2.4441521794e-05,2.292808432005e-05,2.595495926795e-05,1.3899519025850508e+28,1.3957227407443352e+28,1.419415349654428e+28,3.457963206120546e+52,3.2438435148921615e+52,3.672082897348931e+52,2.1411969122838472e+51,3.486736534961996e+52,3.270835177498343e+52,3.7026378924256486e+52,2.1590135746365307e+51,3.6061170400397086e+52,3.382823551612752e+52,3.829410528466665e+52,2.2329348842695665e+51
bn120119170,GRB120119A,46,1.7280000000000002,55.29600000000001,G,N,8.402212478970002e-07,8.052646955521998e-07,8.751778002418001e-07,4.64608741237e-05,4.452791660524e-05,4.839383164216e-05,4.111279377393575e+28,3.8587666931582453e+28,4.817583075458861e+28,3.6174859583565136e+53,3.466984126158703e+53,3.7679877905543244e+53,1.5050183219781041e+52,3.186764107105523e+53,3.0541820204235616e+53,3.3193461937874845e+53,1.3258208668196143e+52,4.967196026216825e+53,4.760540876359395e+53,5.173851176074256e+53,2.0665514985742981e+52
bn120711115,GRB120711A,48,1.405,44.032,G,N,7.847978424760001e-06,7.744592985859001e-06,7.951363863661e-06,0.000345562185999,0.00034100991835331,0.00035011445364469,3.1873531644057602e+28,3.0626632902740985e+28,3.560910931958128e+28,1.834346474850162e+54,1.810181689330284e+54,1.8585112603700397e+54,2.4164785519878e+52,1.6936337596671852e+54,1.6713226548062975e+54,1.715944864528073e+54,2.2311104860887725e+52,2.2895135482557792e+54,2.25935261377748e+54,2.3196744827340785e+54,3.0160934478299313e+52
bn120712571,GRB120712A,49,4.1745,22.528000000000002,G,N,2.5073867465e-07,2.2461967376849998e-07,2.768576755315e-07,5.6486408625e-06,5.0602320106419994e-06,6.237049714358001e-06,1.1914003518822904e+29,8.917061351098814e+28,1.9511951573808677e+29,1.9471566142137994e+53,1.7443247798581323e+53,2.1499884485694673e+53,2.0283183435566718e+52,1.090759352662763e+53,9.77136894804889e+52,1.2043818105206375e+53,1.1362245785787416e+52,5.222601089828835e+53,4.678572041818434e+53,5.766630137839237e+53,5.440290480104015e+52
bn121128212,GRB121128A,54,2.2,17.344,G,N,6.090209939439999e-07,5.786797346828999e-07,6.393622532051e-07,1.0562860119e-05,1.0036621318375999e-05,1.1089098919624001e-05,5.522986335332186e+28,4.9849117751142145e+28,6.941560670882183e+28,1.2652878907974182e+53,1.2022515943212758e+53,1.3283241872735606e+53,6.303629647614239e+51,1.0307571762681503e+53,9.794051358110166e+52,1.0821092167252842e+53,5.135204045713372e+51,1.9987370456614466e+53,1.8991605129968054e+53,2.0983135783260876e+53,9.957653266464123e+51
bn130925173,GRB130925A,62,0.34700000000000003,215.55200000000002,G,N,4.66244995168e-07,4.5500862971870004e-07,4.774813606173001e-07,0.000100500041198,9.807802015267e-05,0.00010292206224333,5.84505771281717e+27,5.958352998573677e+27,5.807980165072616e+27,3.203215190770526e+52,3.126018659184215e+52,3.2804117223568373e+52,7.719653158631122e+50,3.328595075528517e+52,3.248376926080909e+52,3.4088132249761243e+52,8.02181494476075e+50,3.162705524159211e+52,3.0864852634669447e+52,3.2389257848514775e+52,7.622026069226643e+50
bn140206304,GRB140206A,67,2.74,27.264,G,N,6.56989521884e-07,6.27030003315e-07,6.869490404530001e-07,1.79121623246e-05,1.7095346010335e-05,1.8728978638864998e-05,7.205717444423132e+28,6.177292003306183e+28,9.789032227258199e+28,3.1249331750012763e+53,2.9824324343272454e+53,3.2674339156753062e+53,1.4250074067403082e+52,2.296585086696871e+53,2.1918580229333063e+53,2.4013121504604352e+53,1.0472706376356487e+52,5.7672103865971e+53,5.504218602232715e+53,6.030202170961485e+53,2.629917843643852e+52
bn140213807,GRB140213A,68,1.2076,18.624000000000002,G,N,1.35912937924e-06,1.3236927807215001e-06,1.3945659777584999e-06,2.5312425558999997e-05,2.4652454348191e-05,2.5972396769808992e-05,2.6443261166304e+28,2.5751136105150827e+28,2.8719837143692916e+28,1.007519059667086e+53,9.812500017227277e+52,1.0337881176114442e+53,2.6269057944358288e+51,9.55467744919493e+52,9.305558216020828e+52,9.803796682369029e+52,2.4911923317410128e+51,1.188467165693457e+53,1.1574802453558062e+53,1.2194540860311076e+53,3.098692033765079e+51
