trigger,name,number,z,t90,detector,LATburst,flux,flux_ci_lo,flux_ci_up,fluence,fluence_ci_lo,fluence_ci_up,DL1,DL2,DL3,eiso1,eiso1_ci_lo,eiso1_ci_up,eiso1_err,eiso2,eiso2_ci_lo,eiso2_ci_up,eiso2_err,eiso3,eiso3_ci_lo,eiso3_ci_up,eiso3_err
bn080916009,GRB080916C,5,4.35,62.977,L,Y,1.51011984358e-06,1.4794506448754e-06,1.5407890422846e-06,9.51028173891e-05,9.317136326228e-05,9.703427151592e-05,1.2507879819795937e+29,1.3046680796648685e+29,1.1307123357095525e+29,3.4947560422043007e+54,3.4237806372136366e+54,3.565731447194966e+54,7.097540499066406e+52,3.802327660366016e+54,3.725105747779676e+54,3.879549572952357e+54,7.722191258634002e+52,2.8559705537860294e+54,2.7979683172211787e+54,2.913972790350881e+54,5.800223656485077e+52
bn090323002,GRB090323,13,3.57,135.17,L,Y,1.13852576948e-06,1.1133203924638e-06,1.1637311464962e-06,0.000153894528261,0.00015048751744972002,0.00015730153907228,9.895276171302687e+28,1.0321534221758801e+29,8.94532965885763e+28,4.143550935686201e+54,4.051818481033687e+54,4.235283390338715e+54,9.173245465251411e+52,4.508222646911184e+54,4.408416867776305e+54,4.608028426046062e+54,9.9805779134879e+52,3.386176121457735e+54,3.311210891796426e+54,3.4611413511190436e+54,7.49652296613089e+52
bn090328401,GRB090328A,14,0.736,61.696999999999996,L,Y,1.28926041483e-06,1.2521478129139e-06,1.3263730167461e-06,7.95434998135e-05,7.725376361308001e-05,8.183323601392e-05,1.4375544782114527e+28,1.499479901888254e+28,1.2995492483031532e+28,1.1899082138713592e+53,1.155655560683274e+53,1.2241608670594447e+53,3.425265318808527e+51,1.2946314020952474e+53,1.2573641911411366e+53,1.3318986130493583e+53,3.726721095411083e+51,9.724120309070966e+52,9.444202146793422e+52,1.0004038471348509e+53,2.799181622775446e+51
bn090510016,GRB090510,17,0.903,0.96,L,Y,1.28904015057e-05,1.1993987300916e-05,1.3786815710484e-05,1.23747854455e-05,1.1514227808907001e-05,1.3235343082093e-05,1.8476586159611765e+28,1.9272500640333503e+28,1.6702833888289036e+28,2.7896660471240844e+52,2.5956692759501793e+52,2.9836628182979894e+52,1.9399677117390505e+51,3.0351830703105033e+52,2.824112746617473e+52,3.246253394003534e+52,2.110703236930303e+51,2.2797597283665553e+52,2.1212224630149011e+52,2.4382969937182095e+52,1.5853726535165416e+51
bn090902462,GRB090902B,20,1.8219999999999998,19.328,L,Y,2.04645075205e-05,2.0305638443708e-05,2.0623376597292002e-05,0.000395538001357,0.00039246737984076,0.00039860862287323997,4.387160345929926e+28,4.576145714677676e+28,3.965992952720653e+28,3.3900654636608766e+54,3.363747871119917e+54,3.416383056201837e+54,2.6317592540959616e+52,3.688423319757364e+54,3.65978952991216e+54,3.717057109602568e+54,2.863378984520376e+52,2.7704157379510877e+54,2.7489085802451345e+54,2.7919228956570405e+54,2.1507157705953187e+52
bn090926181,GRB090926A,21,2.1062,13.76,L,Y,1.29745121832e-05,1.2904839069605099e-05,1.30441852967949e-05,0.00017852928764,0.000177570585596934,0.00017948798968306598,5.237496086568281e+28,5.463111302605069e+28,4.734696462257726e+28,1.9812411685538862e+54,1.9706019060485137e+54,1.991880431059258e+54,1.0639262505372542e+52,2.155609148699467e+54,2.144033530366876e+54,2.167184767032057e+54,1.1575618332590976e+52,1.6191019828009323e+54,1.610407407253342e+54,1.6277965583485226e+54,8.694575547590305e+51
bn091003191,GRB091003,24,0.8969,20.224,L,Y,2.0266646042900003e-06,1.9686041625635003e-06,2.0847250460165003e-06,4.09872649571e-05,3.981305058362e-05,4.216147933058e-05,1.8323085283342767e+28,1.9112387418625222e+28,1.656406909614186e+28,9.116152311127857e+52,8.854990287124472e+52,9.377314335131241e+52,2.6116202400338503e+51,9.918460021274547e+52,9.634313266618993e+52,1.0202606775930102e+53,2.841467546555538e+51,7.449865527090661e+52,7.23643974248271e+52,7.663291311698611e+52,2.134257846079504e+51
bn091208410,GRB091208B,28,1.0633,12.48,L,Y,6.48451861614e-07,5.840775647785e-07,7.128261584495e-07,8.092679232939999e-06,7.2892880084329985e-06,8.896070457446996e-06,2.259961270380683e+28,2.357313448181697e+28,2.0430049884241375e+28,2.5173395886029604e+52,2.267433658023656e+52,2.7672455191822635e+52,2.499059305793044e+51,2.7388893052008597e+52,2.4669892867572693e+52,3.010789323644449e+52,2.7190001844359036e+51,2.057210189239757e+52,1.8529830642754604e+52,2.2614373142040532e+52,2.042271249642967e+51
bn100728095,GRB100728A,33,1.567,165.378,L,Y,8.42341754662e-07,8.144666615495998e-07,8.702168477743997e-07,0.00013930479470200001,0.00013469486755326,0.00014391472185074002,3.645783997853054e+28,3.8028331546836463e+28,3.2957887340591595e+28,9.064251115710232e+53,8.764293476845777e+53,9.364208754574686e+53,2.999576388644544e+52,9.86199102928791e+53,9.535634278367748e+53,1.0188347780208069e+54,3.263567509201613e+52,7.407451039776248e+53,7.162320857973994e+53,7.652581221578501e+53,2.451301818022541e+52
bn110731465,GRB110731A,42,2.83,7.485,L,Y,4.40928305061e-06,4.3350218938351e-06,4.4835442073849006e-06,3.30034836338e-05,3.2447638875340004e-05,3.3559328392259995e-05,7.491895730833241e+28,7.814623546930672e+28,6.772673740673249e+28,6.077910806149876e+53,5.975546616312477e+53,6.180274995987274e+53,1.0236418983739922e+52,6.612824499441892e+53,6.501451291770377e+53,6.724197707113405e+53,1.1137320767151471e+52,4.966965957358577e+53,4.8833123035964165e+53,5.050619611120735e+53,8.365365376216027e+51
bn130518580,GRB130518A,58,2.49,48.577,L,Y,2.35414355785e-06,2.3164310273906003e-06,2.3918560883094003e-06,0.00011435723161,0.00011252527001787,0.00011618919320213,6.41893613286999e+28,6.695444150901315e+28,5.8027182641144725e+28,1.696579361036368e+54,1.6694007717712945e+54,1.723757950301442e+54,2.717858926507353e+52,1.8458944070973786e+54,1.8163238446648908e+54,1.8754649695298665e+54,2.9570562432487826e+52,1.3864717991086975e+54,1.3642610211038512e+54,1.408682577113544e+54,2.2210778004846348e+52
bn131108862,GRB131108A,65,2.4,18.496,L,Y,2.3442647341e-06,2.3058563694326003e-06,2.3826730987674e-06,4.33595205219e-05,4.2649119409012e-05,4.4069921634788e-05,6.138846383442763e+28,6.4032889968833755e+28,5.549517130632258e+28,6.0393326263039965e+53,5.940384377633668e+53,6.138280874974325e+53,9.894824867032844e+51,6.570851074532371e+53,6.463194443190901e+53,6.6785077058738415e+53,1.0765663134147033e+52,4.935439251537645e+53,4.854577159552274e+53,5.016301343523016e+53,8.086209198537119e+51
bn131231198,GRB131231A,66,0.642,31.232,L,Y,5.54758407497e-06,5.4996319958128e-06,5.5955361541272e-06,0.00017326214582900006,0.00017176450649276004,0.00017475978516524003,1.2169328945422757e+28,1.2693546192302505e+28,1.100107336666217e+28,1.9636933124998444e+53,1.9467195855784792e+53,1.9806670394212092e+53,1.6973726921365225e+51,2.1365169151791205e+53,2.118049339590669e+53,2.154984490767572e+53,1.8467575588451653e+51,1.6047615940678722e+53,1.5908903928481017e+53,1.6186327952876424e+53,1.3871201219770545e+51
bn081221681,GRB081221,9,2.26,29.695999999999998,G,N,9.76519155077e-07,9.596440215741998e-07,9.933942885798001e-07,2.89987128292e-05,2.8497588864701e-05,2.9499836793699e-05,5.706753556584883e+28,5.952582940560846e+28,5.158905215152734e+28,3.640400970611513e+53,3.5774915519244226e+53,3.7033103892986037e+53,6.290941868709056e+51,3.960790721359958e+53,3.892344678236274e+53,4.029236764483642e+53,6.844604312368466e+51,2.9749939195992585e+53,2.923583336097469e+53,3.026404503101048e+53,5.1410583501789455e+51
bn081222204,GRB081222,10,2.77,18.88,G,N,7.18913321677e-07,6.763336277370999e-07,7.614930156169e-07,1.35730835133e-05,1.2769178891714999e-05,1.4376988134885001e-05,7.300945023861553e+28,7.6154472710432825e+28,6.600054301570843e+28,2.411599535257268e+53,2.268765667779339e+53,2.5544334027351976e+53,1.4283386747792918e+52,2.6238431260714852e+53,2.4684385259821966e+53,2.779247726160774e+53,1.554046000892886e+52,1.970797725804804e+53,1.8540716039599604e+53,2.0875238476496473e+53,1.1672612184484346e+52
bn090424592,GRB090424,16,0.544,14.144,G,N,3.73773642115e-06,3.6531070528161e-06,3.8223657894839e-06,5.28665439408e-05,5.166954615508e-05,5.406354172652e-05,9.959481341468048e+27,1.0388505153100516e+28,9.003371132687115e+27,4.267926510965561e+52,4.171292643827164e+52,4.364560378103957e+52,9.663386713839675e+50,4.643544450335366e+52,4.538405888011942e+52,4.74868301265879e+52,1.0513856232342397e+51,3.4878178315852313e+52,3.40884708921786e+52,3.5667885739526034e+52,7.897074236737152e+50
bn090618353,GRB090618,19,0.54,112.384,G,N,2.8624804033e-06,2.8206285281310007e-06,2.904332278469e-06,0.000321696997644,0.00031699351650501005,0.00032640047878299,9.871401768925711e+27,1.0296631383587128e+28,8.923747199108843e+27,2.557960343496545e+53,2.5205608081635027e+53,2.595359878829587e+53,3.7399535333042077e+51,2.783085071100275e+53,2.742394022579484e+53,2.8237761196210655e+53,4.069104852079107e+51,2.090406120070873e+53,2.0598426214041455e+53,2.1209696187376e+53,3.0563498666727336e+51
bn090926914,GRB090926B,22,1.24,55.552,G,N,1.6900191563499998e-07,1.589841306651e-07,1.7901970060489994e-07,9.38839441733e-06,8.831886426682001e-06,9.944902407978e-06,2.7321651629699978e+28,2.8498584315287052e+28,2.469877307324878e+28,3.9315795837679207e+52,3.698530634503854e+52,4.164628533031987e+52,2.3304894926406644e+51,4.277595809194728e+52,4.024036346014839e+52,4.531155272374617e+52,2.5355946317988893e+51,3.2129497411284843e+52,3.022498411006701e+52,3.4034010712502677e+52,1.9045133012178334e+51
bn091127976,GRB091127,27,0.49,8.704,G,N,2.8978603432e-06,2.848956052652e-06,2.946764633748e-06,2.52229764272e-05,2.4797313482270002e-05,2.5648639372129997e-05,8.785331363494429e+27,9.163776406844957e+27,7.941939552598962e+27,1.6418603808183087e+52,1.6141523453737152e+52,1.6695684162629025e+52,2.770803544459356e+50,1.786359638570611e+52,1.756213033682297e+52,1.8165062434589248e+52,3.014660488831402e+50,1.3417545729708142e+52,1.3191111230769252e+52,1.3643980228647032e+52,2.2643449893889015e+50
bn100615083,GRB100615A,31,1.3980000000000001,37.376,G,N,3.40987803297e-07,3.165618793594001e-07,3.6541372723459997e-07,1.2744760136e-05,1.1831816802908e-05,1.3657703469091999e-05,3.167790069086771e+28,3.304248718216663e+28,2.8636822224544404e+28,6.702011017019936e+52,6.221926950234366e+52,7.182095083805504e+52,4.8008406678557015e+51,7.29185143750957e+52,6.769515427672274e+52,7.814187447346865e+52,5.22336009837296e+51,5.476990635284961e+52,5.084658254562726e+52,5.869323016007196e+52,3.9233238072223506e+51
bn100814160,GRB100814A,35,1.44,150.528,G,N,1.5343246776300002e-07,1.3544406524960002e-07,1.7142087027640002e-07,2.30958825075e-05,2.038812425396e-05,2.5803640761039998e-05,3.2854846726455715e+28,3.427013243159534e+28,2.970078144071597e+28,1.283965901281444e+53,1.1334339064408155e+53,1.4344978961220724e+53,1.5053199484062847e+52,1.3969670564844003e+53,1.2331868209428158e+53,1.5607472920259849e+53,1.6378023554158453e+52,1.0492774779816168e+53,9.262603232859377e+52,1.172294632677296e+53,1.2301715469567912e+52
bn100816026,GRB100816A,36,0.804,2.048,G,N,2.10534592295e-06,1.944503082499e-06,2.266188763401e-06,4.3117484501900004e-06,3.9823423129459996e-06,4.6411545874340005e-06,1.6019134835134962e+28,1.6709189874186932e+28,1.4481297890962006e+28,7.707346083439976e+51,7.118525299695793e+51,8.296166867184157e+51,5.888207837441831e+50,8.385665507739699e+51,7.745022920391388e+51,9.026308095088007e+51,6.406425873483102e+50,6.298566536924484e+51,5.8173727713161975e+51,6.779760302532768e+51,4.8119376560828634e+50
bn100906576,GRB100906A,37,1.7269999999999999,110.59200000000001,G,N,3.07709178937e-07,2.845358440613e-07,3.308825138127e-07,3.4030173517e-05,3.146738806643e-05,3.659295896757e-05,4.108360097319729e+28,4.285335609204271e+28,3.7139575279770354e+28,2.646829062049687e+53,2.4474984589606914e+53,2.8461596651386827e+53,1.9933060308899565e+52,2.8797750782467414e+53,2.662901494932275e+53,3.0966486615612074e+53,2.1687358331446643e+52,2.1630310587719976e+53,2.000134900638021e+53,2.3259272169059746e+53,1.628961581339766e+52
bn110213220,GRB110213A,41,1.46,34.304,G,N,4.6737247912600004e-07,4.417326934693e-07,4.930122647827001e-07,1.60327455239e-05,1.5153198316732999e-05,1.6912292731067e-05,3.3417922212672877e+28,3.485746347721878e+28,3.0209801680256276e+28,9.146217900531676e+52,8.644461641844634e+52,9.647974159218716e+52,5.017562586870416e+51,9.951171667190536e+52,9.405256107383922e+52,1.0497087226997147e+53,5.459155598066139e+51,7.474435607800891e+52,7.064392365101702e+52,7.884478850500079e+52,4.100432426991889e+51
bn111228657,GRB111228A,45,0.716,101.3776979,G,N,2.41093675437e-07,2.261649731159e-07,2.5602237775809997e-07,2.4441521794e-05,2.292808432005e-05,2.595495926795e-05,1.3899519025850508e+28,1.44982675377333e+28,1.2565165199368858e+28,3.457963206120546e+52,3.2438435148921615e+52,3.672082897348931e+52,2.1411969122838472e+51,3.762296706372349e+52,3.5293324551471916e+52,3.9952609575975056e+52,2.3296425122515755e+51,2.825902859453008e+52,2.650920821866112e+52,3.000884897039904e+52,1.7498203758689596e+51
bn120119170,GRB120119A,46,1.7280000000000002,55.29600000000001,G,N,8.402212478970002e-07,8.052646955521998e-07,8.751778002418001e-07,4.64608741237e-05,4.452791660524e-05,4.839383164216e-05,4.111279377393575e+28,4.288380642881298e+28,3.7165965571637915e+28,3.6174859583565136e+53,3.466984126158703e+53,3.7679877905543244e+53,1.5050183219781041e+52,3.935858971079658e+53,3.7721115527790234e+53,4.099606389380293e+53,1.6374741830063457e+52,2.9562674049442775e+53,2.8332748996429115e+53,3.0792599102456435e+53,1.2299250530136602e+52
bn120711115,GRB120711A,48,1.405,44.032,G,N,7.847978424760001e-06,7.744592985859001e-06,7.951363863661e-06,0.000345562185999,0.00034100991835331,0.00035011445364469,3.1873531644057602e+28,3.3246545314878537e+28,2.8813672606228063e+28,1.834346474850162e+54,1.810181689330284e+54,1.8585112603700397e+54,2.4164785519878e+52,1.99578633123082e+54,1.9694948158061583e+54,2.0220778466554813e+54,2.6291515424661646e+52,1.4990572887911488e+54,1.4793094394277364e+54,1.518805138154561e+54,1.9747849363412415e+52
bn120712571,GRB120712A,49,4.1745,22.528000000000002,G,N,2.5073867465e-07,2.2461967376849998e-07,2.768576755315e-07,5.6486408625e-06,5.0602320106419994e-06,6.237049714358001e-06,1.1914003518822904e+29,1.2427222131941429e+29,1.0770259181015905e+29,1.9471566142137994e+53,1.7443247798581323e+53,2.1499884485694673e+53,2.0283183435566718e+52,2.1185248308834466e+53,1.8978418748030904e+53,2.3392077869638035e+53,2.2068295608035625e+52,1.5912475396413445e+53,1.4254901192965436e+53,1.7570049599861458e+53,1.6575742034480089e+52
bn121128212,GRB121128A,54,2.2,17.344,G,N,6.090209939439999e-07,5.786797346828999e-07,6.393622532051e-07,1.0562860119e-05,1.0036621318375999e-05,1.1089098919624001e-05,5.522986335332186e+28,5.760899592854187e+28,4.992779647140295e+28,1.2652878907974182e+53,1.2022515943212758e+53,1.3283241872735606e+53,6.303629647614239e+51,1.376645204244545e+53,1.3080611168851626e+53,1.4452292916039273e+53,6.858408735938238e+51,1.0340135089659026e+53,9.824992389048553e+52,1.0855277790269499e+53,5.151427006104726e+51
bn130925173,GRB130925A,62,0.34700000000000003,215.55200000000002,G,N,4.66244995168e-07,4.5500862971870004e-07,4.774813606173001e-07,0.000100500041198,9.807802015267e-05,0.00010292206224333,5.84505771281717e+27,6.096844814292371e+27,5.283932172386721e+27,3.203215190770526e+52,3.126018659184215e+52,3.2804117223568373e+52,7.719653158631122e+50,3.485128453855996e+52,3.401137896635353e+52,3.5691190110766397e+52,8.399055722064348e+50,2.617718705340726e+52,2.554632464583887e+52,2.680804946097565e+52,6.308624075683879e+50
bn140206304,GRB140206A,67,2.74,27.264,G,N,6.56989521884e-07,6.27030003315e-07,6.869490404530001e-07,1.79121623246e-05,1.7095346010335e-05,1.8728978638864998e-05,7.205717444423132e+28,7.516117580490589e+28,6.513968569758512e+28,3.1249331750012763e+53,2.9824324343272454e+53,3.2674339156753062e+53,1.4250074067403082e+52,3.3999568795675406e+53,3.244914724594757e+53,3.554999034540324e+53,1.550421549727838e+52,2.553745389541843e+53,2.437291504251174e+53,2.6701992748325115e+53,1.1645388529066892e+52
bn140213807,GRB140213A,68,1.2076,18.624000000000002,G,N,1.35912937924e-06,1.3236927807215001e-06,1.3945659777584999e-06,2.5312425558999997e-05,2.4652454348191e-05,2.5972396769808992e-05,2.6443261166304e+28,2.7582355493467864e+28,2.390470809433882e+28,1.007519059667086e+53,9.812500017227277e+52,1.0337881176114442e+53,2.6269057944358288e+51,1.0961902755597744e+53,1.0676092918151722e+53,1.1247712593043766e+53,2.8580983744602187e+51,8.233606958648976e+52,8.018932014078409e+52,8.448281903219543e+52,2.1467494457056767e+51
