name	z	m	m_err	s	s_err	c	c_err	mag	mag_err	ref	cut
1993ag	0.05	17.79	0.05	0.91	0.02	0.09	0.02	36.77	0.15	1	
1993o	0.0529	17.61	0.05	0.9	0.01	-0.01	0.02	36.82	0.15	1	
1993h	0.0251	16.74	0.09	0.68	0.01	0.21	0.01	35.17	0.17	1	
1993b	0.0701	18.38	0.09	0.99	0.03	0.04	0.04	37.57	0.15	1	
1992bs	0.0627	18.18	0.05	1.0	0.02	-0.03	0.02	37.55	0.15	1	
1992br	0.0876	19.4	0.11	0.65	0.04	0.03	0.05	38.19	0.16	1	
1992bp	0.0786	18.28	0.03	0.87	0.02	-0.04	0.02	37.52	0.15	1	
1992bo	0.0172	15.75	0.13	0.74	0.01	0.03	0.01	34.65	0.19	1	
1992bl	0.0422	17.29	0.06	0.79	0.02	-0.01	0.02	36.36	0.15	1	
1992bh	0.0453	17.59	0.05	0.98	0.01	0.1	0.01	36.66	0.15	1	
1992bc	0.0196	15.07	0.11	1.01	0.01	-0.06	0.01	34.52	0.18	1	
1992aq	0.1009	19.3	0.03	0.84	0.02	-0.05	0.02	38.51	0.15	1	
1992al	0.0135	14.44	0.16	0.93	0.01	-0.05	0.01	33.78	0.21	1	z
1992ag	0.0273	16.24	0.09	1.03	0.04	0.15	0.02	35.23	0.17	1	
1992ae	0.0746	18.39	0.05	0.94	0.02	-0.02	0.02	37.67	0.15	1	
1992p	0.0265	16.03	0.08	1.14	0.08	-0.01	0.02	35.52	0.18	1	
1990af	0.0499	17.73	0.04	0.74	0.01	0.0	0.01	36.7	0.15	1	
1990o	0.0306	16.2	0.08	1.04	0.03	0.0	0.02	35.54	0.16	1	
1993ah	0.0285	16.07	0.08	0.9	0.0	-0.12	0.03	35.53	0.1	1	p
1992bk	0.0589	18.04	0.09	0.77	0.02	-0.03	0.04	37.13	0.06	1	p
1992bg	0.0365	16.53	0.1	0.98	0.02	-0.06	0.03	35.95	0.08	1	p
1992au	0.0603	17.47	0.14	0.65	0.05	-0.25	0.06	36.92	0.08	1	p
1992k	0.0111	15.09	0.2	0.68	0.04	0.22	0.02	33.48	0.21	1	p,z
1992j	0.0461	18.28	0.23	0.8	0.07	0.4	0.09	36.41	0.08	1	p
1991ag	0.0139	14.16	0.17	1.1	0.02	-0.05	0.02	33.7	0.16	1	p,z
1991u	0.0324	16.33	0.13	1.04	0.03	0.05	0.05	35.58	0.08	1	p
1991s	0.0561	17.66	0.07	1.06	0.02	-0.02	0.02	37.08	0.05	1	p
1990y	0.0387	17.5	0.14	1.04	0.05	0.24	0.05	36.31	0.1	1	p
1990t	0.0397	17.26	0.18	1.0	0.04	0.08	0.08	36.37	0.08	1	p
2001cz	0.0163	15.03	0.13	1.01	0.02	0.11	0.01	34.09	0.14	2	
2001cn	0.0154	15.22	0.14	0.92	0.01	0.17	0.01	34.03	0.15	2	
2001bt	0.0144	15.26	0.15	0.87	0.01	0.22	0.01	33.9	0.16	2	z
2001ba	0.0305	16.18	0.07	1.0	0.01	-0.04	0.01	35.58	0.09	2	
2000ca	0.0245	15.51	0.09	1.0	0.03	-0.06	0.01	34.96	0.11	2	
2000bh	0.024	15.94	0.09	0.94	0.04	0.1	0.02	34.94	0.12	2	
1999gp	0.026	15.99	0.09	1.13	0.03	0.04	0.01	35.36	0.11	2	
1999dk	0.0139	14.81	0.16	1.06	0.06	0.07	0.02	34.03	0.18	2	z
1999da	0.0125	16.45	0.2	0.57	0.05	0.41	0.06	34.28	0.21	2	z
1999cp	0.0104	13.93	0.21	0.96	0.03	-0.02	0.02	33.23	0.22	2	z
1999cl	0.0087	14.84	0.25	0.95	0.03	1.08	0.01	31.62	0.26	2	z
2000ce	0.0165	17.04	0.16	0.98	0.04	0.53	0.04	35.1	0.14	2	p
2000bk	0.0266	16.72	0.11	0.75	0.02	0.08	0.04	35.52	0.09	2	p
1993ac	0.0489	17.8	0.13	0.78	0.06	0.08	0.04	36.64	0.18	3	
1994m	0.0243	16.3	0.1	0.78	0.02	0.11	0.02	35.08	0.19	3	
1994s	0.0152	14.77	0.15	1.09	0.05	-0.01	0.02	34.2	0.23	3	
1994t	0.0357	17.05	0.11	0.84	0.04	0.02	0.05	36.11	0.19	3	
1995d	0.0065	13.23	0.33	1.11	0.02	-0.0	0.01	32.67	0.37	3	z
1995e	0.0117	16.69	0.19	0.93	0.02	0.78	0.02	34.13	0.25	3	z
1994ae	0.0043	13.1	0.51	0.98	0.01	0.13	0.01	32.07	0.53	3	z
1995al	0.005	13.29	0.43	1.06	0.02	0.12	0.01	32.38	0.46	3	z
1995ac	0.0488	17.03	0.05	1.04	0.01	0.01	0.01	36.35	0.17	3	
1995ak	0.022	15.87	0.14	0.89	0.04	0.07	0.05	34.88	0.2	3	
1995bd	0.0144	15.26	0.18	1.0	0.02	0.31	0.02	33.85	0.24	3	z
1996c	0.0275	16.65	0.08	1.01	0.02	0.12	0.02	35.67	0.18	3	
1996x	0.007	12.94	0.31	0.88	0.01	-0.01	0.01	32.11	0.35	3	z
1996z	0.0086	14.19	0.26	0.86	0.05	0.24	0.02	32.75	0.3	3	z
1996ab	0.1244	19.53	0.03	0.96	0.03	-0.08	0.02	38.95	0.17	3	
1996ai	0.003	16.89	0.72	1.14	0.03	1.61	0.01	32.7	0.74	3	z
1996bl	0.036	16.62	0.07	0.99	0.02	0.03	0.01	35.83	0.17	3	
1996bv	0.0167	15.35	0.14	1.01	0.04	0.22	0.01	34.16	0.21	3	
1996bo	0.0163	15.82	0.13	0.87	0.02	0.37	0.01	34.11	0.21	3	
1993ae	0.018	15.22	0.12	0.79	0.02	-0.07	0.01	34.41	0.13	3	p
1994q	0.0299	16.17	0.12	1.13	0.04	0.02	0.04	35.58	0.08	3	p
1996bk	0.0066	14.84	0.33	0.66	0.06	0.49	0.03	32.61	0.34	3	p,z
2000fa	0.0218	15.84	0.11	0.96	0.03	0.08	0.02	34.9	0.28	4	
2000dk	0.0164	15.33	0.13	0.73	0.01	0.05	0.01	34.18	0.29	4	
2000cn	0.0232	16.53	0.1	0.73	0.01	0.17	0.01	35.12	0.28	4	
2000cf	0.0365	17.09	0.07	0.88	0.02	0.05	0.01	36.11	0.27	4	
1999gd	0.0193	16.94	0.11	0.92	0.03	0.43	0.01	35.16	0.29	4	
1999ek	0.0176	15.59	0.17	0.91	0.01	0.17	0.01	34.39	0.31	4	
1999ej	0.0128	15.44	0.18	0.65	0.04	0.05	0.02	34.19	0.31	4	z
1999dq	0.0135	14.39	0.16	1.07	0.01	0.12	0.01	33.5	0.31	4	z
1999cc	0.0315	16.78	0.07	0.82	0.02	0.06	0.01	35.73	0.27	4	
1998es	0.0096	13.8	0.23	1.06	0.01	0.1	0.01	32.95	0.35	4	z
1998eg	0.0235	16.1	0.1	0.93	0.03	0.05	0.01	35.19	0.28	4	
1998ef	0.0167	14.81	0.13	0.85	0.02	0.02	0.01	33.89	0.29	4	
1998dx	0.0537	17.64	0.06	0.75	0.04	0.08	0.03	36.46	0.27	4	
1998dh	0.0077	13.83	0.28	0.87	0.01	0.12	0.01	32.7	0.38	4	z
1998de	0.0156	17.21	0.14	0.57	0.01	0.49	0.03	34.87	0.3	4	o
1998co	0.017	15.7	0.13	0.61	0.03	0.11	0.01	34.27	0.29	4	
1998bp	0.0102	15.31	0.21	0.64	0.01	0.29	0.01	33.51	0.34	4	z
1998ab	0.0279	16.05	0.08	0.93	0.02	0.1	0.02	35.03	0.27	4	
1998v	0.0172	15.1	0.13	0.93	0.03	0.05	0.01	34.19	0.29	4	
1997dt	0.0061	15.4	0.36	0.88	0.03	0.56	0.03	33.28	0.44	4	z
1997do	0.0105	14.32	0.21	0.94	0.02	0.12	0.02	33.28	0.33	4	z
1997dg	0.03	16.83	0.08	0.92	0.04	0.03	0.02	35.96	0.27	4	
1997bq	0.0096	14.44	0.23	0.91	0.02	0.16	0.02	33.27	0.35	4	z
1997bp	0.0094	13.95	0.23	0.98	0.03	0.24	0.02	32.69	0.35	4	z
1997y	0.0166	15.31	0.13	0.88	0.02	0.04	0.01	34.38	0.29	4	
1997e	0.0133	15.09	0.17	0.82	0.02	0.09	0.01	33.97	0.31	4	z
2000b	0.0201	15.83	0.22	0.82	0.06	0.18	0.09	34.49	0.14	4	p
1999gh	0.0088	14.2	0.25	0.68	0.01	0.22	0.02	32.6	0.25	4	p,z
1999ef	0.038	17.05	0.14	1.01	0.07	0.02	0.04	36.31	0.09	4	p
1999cw	0.0113	14.14	0.29	0.96	0.34	0.12	0.08	33.12	0.34	4	p,d,z
1999x	0.0258	16.24	0.18	0.93	0.05	0.06	0.05	35.3	0.09	4	p
1998ec	0.0201	16.16	0.18	1.02	0.06	0.19	0.06	35.05	0.12	4	p
1998dm	0.0056	14.71	0.4	1.01	0.05	0.3	0.04	33.34	0.39	4	p,z
1998dk	0.012	14.61	0.24	0.95	0.1	0.09	0.08	33.64	0.2	4	p,z
1997cn	0.017	16.33	0.15	0.59	0.03	0.21	0.03	34.64	0.15	4	p
1997cw	0.016	15.88	0.14	1.12	0.04	0.38	0.03	34.46	0.14	4	p
1999aa	0.015	14.69	0.15	1.05	0.01	-0.02	0.01	34.1	0.15	5	
1999ac	0.0095	14.13	0.23	0.97	0.02	0.1	0.02	33.17	0.23	5	z
1999ao	0.0544	17.89	0.06	0.96	0.04	0.07	0.03	36.97	0.08	5	
1999ar	0.1561	19.97	0.03	0.99	0.04	-0.01	0.02	39.29	0.06	5	
1999aw	0.0393	16.78	0.06	1.2	0.03	0.01	0.02	36.31	0.07	5	
1999bi	0.1241	19.76	0.05	1.18	0.06	0.21	0.03	38.81	0.07	5	
1999bm	0.1441	20.43	0.04	0.68	0.03	0.12	0.02	39.05	0.06	5	
1999bn	0.1299	19.6	0.03	1.09	0.04	0.01	0.02	39.0	0.06	5	
1999bp	0.0784	18.39	0.03	1.09	0.03	0.0	0.02	37.78	0.07	5	
1996h	0.62	23.5	0.09	1.1	0.17	-0.12	0.09	43.21	0.37	6	
1996i	0.57	23.4	0.07	0.82	0.05	-0.06	0.06	42.63	0.33	6	
1996j	0.3	22.03	0.1	0.79	0.06	0.07	0.09	40.91	0.32	6	
1996k	0.38	22.64	0.05	0.85	0.01	-0.1	0.05	41.98	0.29	6	
1996u	0.43	22.61	0.05	0.92	0.07	-0.21	0.09	42.29	0.35	6	
1995ao	0.24	21.6	0.08	1.35	0.39	0.18	0.09	40.92	0.6	6	
1995ap	0.3	21.53	0.38	0.54	0.2	0.05	0.32	40.15	0.46	6	
1996t	0.24	20.99	0.03	1.3	0.03	-0.1	0.01	40.89	0.28	6	
1997ce	0.44	22.8	0.06	0.86	0.03	-0.04	0.04	42.02	0.29	6	
1997cj	0.5	23.14	0.05	0.91	0.02	-0.04	0.02	42.43	0.29	6	
1997ck	0.97	24.72	0.15	1.03	0.12	0.42	0.28	43.08	0.74	6	
1995k	0.479	22.72	0.06	0.98	0.04	-0.12	0.05	42.26	0.31	6	
1996e	0.43	22.38	0.19	0.92	0.07	0.07	0.08	41.42	0.11	6	p
1996r	0.16									6	f
1997ap	0.83	24.34	0.09	1.0	0.02	0.06	0.04	43.49	0.37	7	
1997am	0.416	22.46	0.07	1.08	0.05	-0.08	0.14	42.04	0.44	7	
1997aj	0.581	23.16	0.09	1.01	0.06	0.22	0.1	41.98	0.42	7	
1997ai	0.45	22.92	0.05	0.74	0.07	0.05	0.05	41.8	0.37	7	
1997af	0.579	23.57	0.1	0.9	0.05	-0.16	0.17	43.11	0.56	7	
1997ac	0.32	21.89	0.04	1.05	0.02	0.03	0.03	41.19	0.34	7	
1997r	0.657	23.92	0.12	0.98	0.11	0.05	0.16	43.08	0.55	7	
1997q	0.43	22.82	0.07	0.97	0.03	0.97	0.3	39.87	0.73	7	o
1997p	0.472	23.13	0.06	0.94	0.04	0.11	0.14	42.1	0.47	7	
1997o	0.374	23.32	0.15	1.06	0.06	-0.18	0.33	43.12	0.69	7	
1997h	0.526	23.18	0.06	0.93	0.02	0.17	0.09	42.01	0.4	7	
1997g	0.763	24.37	0.29	0.9	0.12	-0.36	0.24	44.37	0.89	7	
1997f	0.58	23.41	0.07	1.11	0.05	-0.04	0.08	42.94	0.4	7	
1996cn	0.43	23.22	0.05	0.95	0.07	0.25	0.09	41.89	0.39	7	
1996cm	0.45	23.25	0.06	0.98	0.04	0.11	0.11	42.28	0.42	7	
1996cl	0.828	24.55	0.17	1.38	0.56	0.05	0.17	44.2	0.61	7	
1996ck	0.656	23.77	0.11	0.85	0.09	-0.13	0.14	43.18	0.53	7	
1996ci	0.495	22.82	0.05	0.92	0.09	-0.04	0.08	42.12	0.4	7	
1996cg	0.49	23.07	0.05	0.98	0.03	0.23	0.05	41.82	0.36	7	
1996cf	0.57	23.31	0.06	1.08	0.1	-0.01	0.07	42.74	0.4	7	
1995ba	0.388	22.55	0.07	0.95	0.04	-0.14	0.08	42.1	0.37	7	
1995az	0.45	22.61	0.06	0.95	0.04	-0.16	0.08	42.21	0.38	7	
1995ay	0.48	23.06	0.06	0.84	0.05	0.01	0.1	42.13	0.4	7	
1995ax	0.615	23.22	0.1	1.12	0.16	0.02	0.15	42.61	0.52	7	
1995aw	0.4	22.18	0.05	1.2	0.05	-0.17	0.09	42.11	0.38	7	
1995at	0.655	23.22	0.11	1.15	0.13	0.16	0.11	42.33	0.5	7	
1995as	0.498	23.66	0.06	1.04	0.13	-0.01	0.12	43.03	0.45	7	
1995ar	0.465	23.37	0.11	0.93	0.14	0.33	0.24	41.84	0.68	7	
1995aq	0.453	23.2	0.06	0.93	0.05	-0.12	0.09	42.69	0.39	7	
1994g	0.425	22.34	0.15	0.9	0.1	0.09	0.11	41.3	0.37	7	
1997n	0.18	20.47	0.03	0.99	0.02	0.0	0.0	39.76	0.05	7	c
1997i	0.172	20.23	0.03	0.93	0.02	0.0	0.0	39.45	0.03	7	c
1994an	0.378	22.63	0.11	0.95	0.23	0.0	0.0	41.87	0.31	7	c
1994am	0.372	22.0	0.08	0.88	0.07	0.0	0.0	41.16	0.15	7	c
1994al	0.42	22.89	0.06	0.94	0.08	0.0	0.0	42.12	0.13	7	c
1994h	0.374	21.8	0.08	1.0	0.15	0.0	0.0	41.1	0.25	7	c
1994f	0.354	22.51	0.16	0.7	0.14	0.0	0.0	41.45	0.33	7	c
1992bi	0.458	22.83	0.05	1.33	0.19	0.0	0.0	42.54	0.24	7	c
1997s	0.612									7	f
1997l	0.55									7	f
1997k	0.592									7	f
1997j	0.619									7	f
1999fw	0.278	21.72	0.06	0.89	0.1	0.09	0.06	40.67	0.21	8	
1999fn	0.477	22.72	0.07	1.03	0.05	0.02	0.06	42.01	0.15	8	
1999fm	0.95	24.3	0.1	1.16	0.03	0.04	0.1	43.7	0.27	8	
1999fk	1.057	24.77	0.13	0.95	0.13	-0.03	0.07	44.08	0.21	8	
1999fj	0.816	24.22	0.09	1.02	0.05	-0.11	0.18	43.8	0.42	8	
1999ff	0.455	23.21	0.07	0.86	0.08	-0.0	0.09	42.35	0.24	8	
1999fv	1.195	23.88	0.54	0.56	0.02	-0.85	0.42	44.57	0.49	8	d
1999fh	0.369	23.45	0.06	0.7	0.19	0.44	0.09	41.37	0.38	8	d
2002ad	0.514	23.06	0.24	0.89	0.05	-0.09	0.25	42.43	0.43	9	
2002ab	0.423	22.6	0.05	0.96	0.07	0.1	0.03	41.61	0.24	9	
2002aa	0.946	24.6	0.19	0.96	0.15	0.3	0.33	43.16	0.81	9	
2002x	0.859	24.73	0.1	0.82	0.08	-0.1	0.08	44.02	0.3	9	
2002w	1.031	24.47	0.18	0.95	0.12	0.67	0.51	42.18	1.29	9	
2001kd	0.936	24.96	0.16	0.64	0.17	-0.15	0.17	44.15	0.52	9	
2001jp	0.528	22.89	0.08	0.94	0.04	-0.1	0.04	42.35	0.24	9	
2001jn	0.645	24.55	0.17	1.33	0.48	0.1	0.24	44.04	0.96	9	
2001jm	0.978	24.5	0.1	0.85	0.04	-0.01	0.09	43.65	0.31	9	
2001jh	0.885	24.31	0.11	0.94	0.07	-0.28	0.18	44.18	0.47	9	
2001jf	0.815	25.19	0.2	0.57	0.1	-0.07	0.42	44.14	0.92	9	
2001jb	0.698	24.39	0.08	0.61	0.04	-0.3	0.07	43.88	0.3	9	o
2001iy	0.568	23.07	0.06	0.92	0.06	-0.13	0.07	42.56	0.29	9	
2001ix	0.711	23.8	0.08	0.96	0.03	-0.09	0.04	43.25	0.25	9	
2001iw	0.3396	22.1	0.09	0.89	0.04	0.07	0.08	41.1	0.26	9	
2001iv	0.3965	22.47	0.06	0.98	0.03	0.15	0.04	41.41	0.24	9	
2001hy	0.812	24.95	0.09	0.71	0.05	0.03	0.06	43.81	0.28	9	
2001hx	0.799	24.78	0.08	0.96	0.08	0.38	0.07	43.17	0.27	9	
2001hu	0.882	24.91	0.1	1.13	0.18	0.63	0.16	42.93	0.32	9	
2001hs	0.833	24.26	0.09	1.09	0.05	0.12	0.11	43.41	0.35	9	
2001fs	0.874	25.12	0.14	0.84	0.1	0.37	0.17	43.39	0.46	9	
2001fo	0.772	23.75	0.08	0.96	0.03	-0.19	0.04	43.44	0.26	9	
2002p	0.719									9	f
2000fr	0.543	23.03	0.06	1.03	0.02	-0.01	0.03	42.39	0.14	0	
1998bi	0.75	23.91	0.07	0.95	0.02	-0.01	0.02	43.17	0.14	0	
1998be	0.64	23.8	0.08	0.73	0.04	0.02	0.07	42.73	0.23	0	
1998ba	0.43	22.87	0.08	0.96	0.04	-0.03	0.04	42.2	0.14	0	
1998ay	0.64	23.72	0.09	1.02	0.05	-0.06	0.05	43.19	0.19	0	
1998ax	0.497	23.15	0.06	1.1	0.03	0.07	0.04	42.41	0.16	0	
1998aw	0.44	23.2	0.05	1.01	0.02	0.23	0.03	42.0	0.13	0	
1998as	0.355	22.67	0.05	0.88	0.02	0.13	0.04	41.52	0.13	0	
1997ez	0.78	24.26	0.09	1.09	0.04	0.08	0.03	43.49	0.15	0	
1997eq	0.54	23.16	0.05	0.95	0.02	-0.02	0.02	42.43	0.12	0	
1997ek	0.86	24.48	0.08	1.0	0.03	0.02	0.03	43.75	0.16	0	
04Eag	1.02	24.97	0.1	0.99	0.05	0.03	0.06	44.2	0.22	1	
04Gre	1.14	24.73	0.12	1.14	0.14	-0.03	0.08	44.28	0.28	1	
04Man	0.854	24.53	0.09	0.94	0.06	-0.07	0.06	43.92	0.22	1	
04Mcg	1.37	25.73	0.18	0.91	0.19	0.06	0.1	44.79	0.32	1	
04Omb	0.975	24.88	0.09	1.22	0.06	0.1	0.03	44.23	0.2	1	
04Pat	0.97	25.02	0.09	0.99	0.09	-0.12	0.06	44.58	0.24	1	
04Rak	0.74	23.84	0.12	1.02	0.04	-0.11	0.05	43.42	0.2	1	
04Sas	1.39	25.82	0.17	1.39	0.64	0.34	0.17	44.83	0.59	1	
04Yow	0.46	23.59	0.11	0.86	0.07	0.24	0.06	42.16	0.19	1	
05Fer	1.02	24.83	0.2	1.08	0.1	0.11	0.07	43.98	0.24	1	
05Gab	1.12	25.07	0.11	0.96	0.05	0.03	0.07	44.25	0.24	1	
05Lan	1.23	26.02	0.12	0.88	0.1	0.14	0.06	44.85	0.24	1	
05Red	1.19	25.76	0.13	0.7	0.1	0.25	0.05	44.12	0.25	1	
05Spo	0.839	24.2	0.14	1.0	0.05	-0.04	0.07	43.6	0.21	1	
05Str	1.01	25.03	0.1	1.08	0.04	-0.01	0.02	44.45	0.2	1	
05Zwi	0.521	23.07	0.08	1.21	0.06	0.09	0.06	42.43	0.19	1	
2002dc	0.475	23.09	0.15	0.83	0.05	0.0	0.13	42.19	0.22	1	
2002dd	0.95	24.66	0.1	1.09	0.08	0.13	0.05	43.77	0.21	1	
2002fw	1.3	25.65	0.14	1.02	0.09	0.01	0.11	44.95	0.35	1	
2002hp	1.305	25.41	0.16	0.86	0.04	0.05	0.08	44.42	0.29	1	
2002hr	0.526	24.04	0.12	1.03	0.09	0.16	0.05	43.02	0.23	1	
2002kc	0.216	22.13	0.08	1.03	0.04	0.32	0.04	40.75	0.17	1	o
2002kd	0.735	24.02	0.08	0.92	0.01	0.04	0.04	43.11	0.18	1	
2002ki	1.14	25.35	0.16	1.0	0.36	0.27	0.2	44.03	0.77	1	
2003ak	1.551	26.64	0.26	1.04	0.46	0.29	0.08	45.33	0.4	1	
2003az	1.265	25.68	0.12	0.99	0.07	0.15	0.05	44.63	0.23	1	
2003dy	1.34	25.77	0.14	1.23	0.15	0.18	0.07	44.95	0.25	1	
2003eb	0.9	24.08	0.09	0.98	0.03	0.08	0.03	43.18	0.2	1	o
2003eq	0.84	24.35	0.08	0.97	0.05	0.02	0.03	43.56	0.2	1	
04Kur	0.359	23.97	0.05	0.91	0.03	0.0	0.0	43.16	0.07	1	c,d
04Tha	0.954	24.37	0.24	0.99	0.08	-0.17	0.1	44.04	0.18	1	p
05Dic	0.638	23.59	0.06	1.07	0.06	0.13	0.02	42.69	0.13	1	d
05Koe	1.23	24.93	0.16	1.07	0.07	-0.12	0.07	44.58	0.21	1	p
2002fx	1.4	26.57	1.16	0.94	5.73	0.0	0.0	45.8	5.94	1	c,d
2003aj	1.307	26.54	0.17	0.68	0.15	0.08	0.1	45.27	0.34	1	d
2003bd	0.67	24.21	0.1	0.89	0.03	0.11	0.03	43.13	0.07	1	p
2003be	0.64	24.0	0.35	0.95	0.1	0.12	0.13	42.97	0.13	1	p
2003es	0.954	24.5	0.34	0.9	0.1	-0.17	0.11	44.06	0.15	1	p
2003XX	0.935	24.31	0.11	1.07	0.04	-0.0	0.06	43.69	0.14	1	p
04Haw	0.49									1	f
03D4bc	0.572	24.6	0.09	0.77	0.05	0.03	0.08	43.56	0.23	2	o
03D4au	0.468	23.86	0.05	1.0	0.03	0.29	0.04	42.49	0.16	2	
04D4bk	0.84	24.31	0.09	1.05	0.06	0.14	0.12	43.35	0.33	2	
04D3nr	0.96	24.54	0.13	0.92	0.06	0.07	0.14	43.59	0.43	2	
04D3lu	0.8218	24.34	0.09	0.95	0.03	0.02	0.12	43.54	0.35	2	
04D3ki	0.93	24.87	0.17	0.9	0.05	-0.26	0.23	44.64	0.69	2	
04D3gt	0.451	23.23	0.04	0.95	0.01	0.28	0.02	41.85	0.14	2	
04D3do	0.61	23.57	0.06	0.86	0.02	-0.08	0.03	42.88	0.15	2	
04D3cp	0.83	24.24	0.1	1.11	0.03	-0.45	0.17	44.69	0.46	2	
04D2gp	0.707	24.15	0.09	0.8	0.05	-0.05	0.08	43.32	0.25	2	
04D2fp	0.415	22.53	0.04	0.96	0.01	0.01	0.02	41.77	0.13	2	
04D1ag	0.557	23.0	0.06	0.94	0.03	-0.18	0.03	42.65	0.15	2	
03D4fd	0.791	24.21	0.08	0.94	0.05	0.04	0.06	43.33	0.19	2	
03D4cz	0.695	24.03	0.08	0.75	0.03	-0.06	0.05	43.16	0.18	2	
03D4at	0.633	23.74	0.07	0.98	0.06	-0.08	0.06	43.2	0.2	2	
03D3bh	0.2486	21.13	0.08	0.99	0.03	-0.09	0.06	40.63	0.14	2	
03D3af	0.532	23.49	0.06	0.94	0.04	0.03	0.05	42.65	0.2	2	
03D1fc	0.331	21.8	0.03	0.94	0.01	0.04	0.01	40.93	0.12	2	
03D1bp	0.346	22.45	0.04	0.84	0.01	0.12	0.03	41.28	0.13	2	
04D4dw	0.961	24.57	0.15	0.96	0.08	-0.12	0.19	44.09	0.54	2	
04D4an	0.613	24.02	0.06	0.82	0.02	0.06	0.02	42.96	0.15	2	
04D3nh	0.3402	22.14	0.03	1.01	0.01	0.08	0.01	41.26	0.12	2	
04D3lp	0.983	24.93	0.24	0.83	0.06	0.02	0.28	43.97	0.87	2	
04D3is	0.71	24.26	0.08	0.98	0.04	0.22	0.05	43.03	0.19	2	
04D3fq	0.73	24.13	0.07	0.92	0.03	0.01	0.04	43.31	0.17	2	
04D3df	0.47	23.47	0.05	0.73	0.02	0.06	0.03	42.3	0.15	2	
04D3co	0.62	23.78	0.06	0.89	0.02	-0.06	0.03	43.1	0.15	2	
04D2gc	0.521	23.32	0.06	1.07	0.05	0.18	0.04	42.28	0.17	2	
04D2cf	0.369	22.34	0.04	0.89	0.02	-0.0	0.01	41.51	0.13	2	
03D4gl	0.571	23.26	0.07	0.98	0.06	0.03	0.05	42.46	0.18	2	
03D4dy	0.604	23.32	0.06	1.06	0.02	0.11	0.02	42.44	0.14	2	
03D4cy	0.9271	24.72	0.16	1.05	0.06	-0.29	0.21	44.74	0.62	2	
03D4ag	0.285	21.21	0.03	1.02	0.02	-0.08	0.01	40.71	0.13	2	
03D3ba	0.2912	22.05	0.05	1.04	0.03	0.26	0.02	40.79	0.13	2	
03D1gt	0.548	24.12	0.08	0.86	0.05	0.24	0.06	42.68	0.16	2	
03D1ew	0.868	24.37	0.14	1.02	0.06	-0.11	0.25	43.96	0.7	2	
03D1ax	0.496	22.96	0.05	0.88	0.02	-0.05	0.04	42.22	0.16	2	
04D4dm	0.811	24.39	0.09	1.0	0.05	-0.16	0.14	44.06	0.36	2	
04D3oe	0.756	24.08	0.09	0.81	0.03	-0.23	0.06	43.67	0.2	2	
04D3nc	0.817	24.27	0.08	1.11	0.05	0.06	0.11	43.57	0.31	2	
04D3ks	0.752	23.88	0.08	1.01	0.04	0.02	0.05	43.14	0.18	2	
04D3hn	0.5516	23.47	0.05	0.9	0.02	0.11	0.03	42.41	0.15	2	
04D3fk	0.3578	22.53	0.04	0.92	0.0	0.15	0.01	41.39	0.13	2	
04D3dd	1.01	25.12	0.27	1.09	0.1	-0.07	0.28	44.69	0.91	2	
04D2ja	0.741	24.1	0.07	0.95	0.02	-0.07	0.03	43.48	0.16	2	
04D2gb	0.43	22.8	0.05	0.78	0.02	-0.01	0.03	41.84	0.14	2	
04D1ak	0.526	23.63	0.06	0.82	0.03	0.02	0.04	42.67	0.15	2	
03D4gg	0.592	23.4	0.07	1.0	0.08	0.08	0.05	42.52	0.2	2	
03D4di	0.905	24.29	0.12	1.1	0.05	0.02	0.14	43.69	0.42	2	
03D4cx	0.949	24.5	0.14	0.9	0.06	0.09	0.15	43.47	0.47	2	
03D3cd	0.4607	22.56	0.1	1.13	0.18	0.02	0.06	41.97	0.26	2	
03D3ay	0.3709	22.2	0.04	0.97	0.02	-0.02	0.02	41.5	0.13	2	
03D1fq	0.8	24.52	0.1	0.77	0.06	-0.39	0.21	44.42	0.54	2	
03D1co	0.679	24.1	0.07	1.01	0.03	0.0	0.05	43.42	0.18	2	
03D1aw	0.5817	23.59	0.07	0.98	0.04	0.01	0.06	42.84	0.18	2	
04D4bq	0.55	23.36	0.06	1.0	0.04	0.11	0.04	42.4	0.16	2	
04D3ny	0.81	24.27	0.1	1.01	0.1	-0.07	0.18	43.73	0.49	2	
04D3ml	0.95	24.55	0.13	1.19	0.15	0.13	0.16	43.78	0.42	2	
04D3kr	0.3373	21.97	0.03	1.06	0.01	0.07	0.01	41.18	0.12	2	
04D3gx	0.91	24.71	0.11	0.95	0.04	-0.2	0.13	44.41	0.39	2	
04D3ez	0.263	21.68	0.03	0.89	0.02	0.09	0.01	40.64	0.12	2	
04D3cy	0.643	23.8	0.07	0.96	0.02	0.02	0.04	43.01	0.16	2	
04D2iu	0.691	24.26	0.07	0.8	0.02	0.07	0.04	43.14	0.17	2	
04D2fs	0.357	22.42	0.04	0.94	0.02	0.13	0.02	41.36	0.13	2	
04D1aj	0.721	23.9	0.08	1.07	0.09	0.07	0.05	43.13	0.19	2	
03D4gf	0.581	23.35	0.06	1.02	0.03	-0.05	0.03	42.79	0.15	2	
03D4dh	0.6268	23.39	0.06	1.04	0.02	0.01	0.02	42.71	0.15	2	
03D4cn	0.818	24.65	0.1	0.75	0.08	0.03	0.21	43.57	0.56	2	
03D3aw	0.449	22.55	0.05	0.95	0.02	-0.05	0.03	41.9	0.15	2	
03D1fl	0.688	23.63	0.07	0.96	0.05	-0.07	0.04	43.04	0.18	2	
03D1cm	0.87	24.46	0.11	1.19	0.06	-0.04	0.17	44.08	0.5	2	
03D1au	0.5043	22.98	0.05	1.08	0.02	0.03	0.03	42.3	0.14	2	
03D3cc	0.4627	22.62	0.19	1.05	0.06	-0.05	0.09	42.09	0.1	2	p
b010	0.591	23.4	0.08	1.24	0.09	-0.14	0.08	43.31	0.27	3	
b013	0.426	22.68	0.05	1.01	0.04	0.08	0.03	41.81	0.2	3	
b016	0.329	22.5	0.21	1.14	0.11	0.26	0.09	41.38	0.25	3	
d033	0.531	23.23	0.06	1.15	0.12	-0.15	0.08	43.06	0.3	3	
d058	0.583	23.59	0.1	1.09	0.21	0.18	0.15	42.6	0.46	3	
d083	0.333	21.03	0.04	1.18	0.04	-0.02	0.03	40.6	0.2	3	o
d084	0.519	23.64	0.09	1.09	0.17	-0.01	0.14	43.09	0.39	3	
d085	0.401	22.48	0.07	1.02	0.06	0.08	0.08	41.62	0.26	3	
d087	0.34	21.91	0.18	0.99	0.07	0.04	0.08	41.1	0.22	3	
d089	0.436	22.5	0.05	1.04	0.04	0.0	0.05	41.84	0.22	3	
d093	0.363	21.89	0.07	1.04	0.03	-0.07	0.06	41.4	0.21	3	
d097	0.436	22.5	0.05	1.26	0.06	0.09	0.05	41.92	0.21	3	
d117	0.309	22.36	0.07	0.83	0.02	0.07	0.06	41.29	0.21	3	
d149	0.342	22.19	0.06	1.01	0.03	0.07	0.04	41.33	0.2	3	
e029	0.332	22.52	0.06	0.84	0.06	0.17	0.06	41.24	0.22	3	
e108	0.469	22.55	0.05	1.1	0.05	-0.05	0.05	42.09	0.22	3	
e132	0.239	21.7	0.05	0.92	0.02	0.19	0.04	40.47	0.19	3	
e136	0.352	22.8	0.06	0.82	0.05	0.19	0.06	41.44	0.22	3	
e138	0.612	24.05	0.19	1.37	0.19	0.68	0.31	42.26	0.82	3	
e140	0.631	23.39	0.07	0.99	0.1	0.05	0.07	42.57	0.27	3	
e147	0.645	23.38	0.07	0.96	0.04	-0.09	0.06	42.83	0.23	3	
e148	0.429	22.65	0.05	0.87	0.03	-0.02	0.05	41.83	0.22	3	
e149	0.497	22.9	0.07	0.92	0.03	0.01	0.07	42.09	0.23	3	
f011	0.539	23.29	0.07	0.88	0.05	0.03	0.07	42.36	0.24	3	
f041	0.561	23.09	0.06	1.07	0.07	-0.05	0.07	42.6	0.25	3	
f076	0.41	22.37	0.05	0.9	0.03	0.09	0.06	41.35	0.22	3	
f096	0.412	23.06	0.11	1.21	0.1	0.37	0.12	41.78	0.3	3	
f216	0.599	23.75	0.09	0.71	0.06	-0.07	0.09	42.85	0.29	3	
f231	0.619	23.45	0.08	1.01	0.07	-0.07	0.07	42.92	0.25	3	
f235	0.422	22.45	0.07	0.88	0.05	-0.03	0.08	41.67	0.24	3	
f244	0.54	23.3	0.06	0.94	0.11	-0.02	0.06	42.57	0.25	3	
f308	0.401	23.07	0.08	0.88	0.14	0.07	0.1	42.07	0.31	3	
g005	0.218	21.32	0.07	1.17	0.06	0.23	0.05	40.32	0.2	3	
g050	0.633	23.18	0.09	0.96	0.07	0.09	0.09	42.23	0.3	3	
g052	0.383	22.33	0.08	0.78	0.03	-0.1	0.08	41.59	0.23	3	
g055	0.302	23.28	0.14	1.23	0.13	0.57	0.11	41.57	0.26	3	
g097	0.34	22.27	0.06	1.0	0.03	0.19	0.04	41.14	0.2	3	
g120	0.51	22.79	0.07	0.96	0.06	0.06	0.08	41.92	0.26	3	
g133	0.421	23.17	0.12	1.15	0.11	0.3	0.06	41.97	0.23	3	
g142	0.399	23.46	0.11	0.75	0.09	0.32	0.11	41.71	0.28	3	
g160	0.493	22.92	0.06	1.06	0.04	0.08	0.07	42.12	0.23	3	
g240	0.687	23.4	0.09	0.92	0.07	-0.1	0.08	42.83	0.28	3	
h283	0.502	23.45	0.13	0.65	0.1	0.18	0.16	41.9	0.31	3	
h300	0.687	23.52	0.08	1.04	0.05	0.02	0.06	42.82	0.25	3	
h319	0.495	22.9	0.06	1.09	0.08	0.05	0.06	42.2	0.25	3	
h323	0.603	23.48	0.07	0.92	0.05	0.02	0.08	42.64	0.27	3	
h342	0.421	22.44	0.08	1.15	0.11	-0.05	0.09	42.04	0.28	3	
h359	0.348	22.65	0.05	0.95	0.03	0.15	0.04	41.55	0.2	3	
h363	0.213	22.01	0.09	0.88	0.03	0.36	0.07	40.34	0.2	3	
h364	0.344	21.71	0.05	0.9	0.02	-0.08	0.04	41.07	0.2	3	
k396	0.271	21.84	0.07	0.81	0.06	0.15	0.06	40.55	0.21	3	
k411	0.564	22.89	0.13	0.93	0.16	-0.12	0.1	42.38	0.4	3	
k425	0.274	21.94	0.09	0.91	0.04	0.15	0.07	40.77	0.22	3	
k430	0.582	23.81	0.07	0.94	0.06	-0.08	0.08	43.21	0.28	3	
k441	0.68	23.73	0.07	1.13	0.1	0.16	0.06	42.83	0.25	3	
k448	0.401	23.34	0.07	0.97	0.06	0.29	0.07	41.93	0.24	3	
k485	0.416	23.93	0.11	0.92	0.12	0.61	0.11	41.75	0.3	3	
m027	0.286	22.52	0.12	1.1	0.19	0.24	0.1	41.39	0.33	3	
m062	0.314	21.99	0.11	0.83	0.13	0.03	0.08	41.02	0.29	3	
m138	0.581	23.28	0.09	1.2	0.11	-0.34	0.09	43.6	0.38	3	
m158	0.463	23.09	0.07	1.0	0.05	0.19	0.08	41.95	0.27	3	
m193	0.341	21.66	0.08	0.98	0.03	-0.07	0.05	41.09	0.21	3	
m226	0.671	23.64	0.09	1.07	0.15	0.37	0.14	42.19	0.33	3	
n256	0.631	23.41	0.07	1.07	0.08	-0.06	0.05	42.93	0.23	3	
n258	0.522	23.29	0.07	0.91	0.05	-0.08	0.11	42.67	0.3	3	
n263	0.368	22.04	0.05	0.97	0.03	-0.05	0.04	41.41	0.2	3	
n278	0.309	21.87	0.05	0.89	0.04	0.08	0.05	40.85	0.21	3	
n285	0.528	23.27	0.09	1.14	0.22	0.11	0.1	42.48	0.31	3	
n326	0.268	22.11	0.06	0.66	0.02	0.09	0.05	40.77	0.2	3	
n404	0.216	21.85	0.07	0.92	0.02	0.19	0.06	40.61	0.2	3	o
p454	0.695	23.93	0.11	0.71	0.16	-0.02	0.15	42.92	0.41	3	
p455	0.284	21.66	0.06	0.85	0.02	-0.01	0.05	40.79	0.2	3	
p524	0.508	22.91	0.06	1.02	0.03	0.04	0.04	42.14	0.21	3	
p528	0.781	24.12	0.11	0.96	0.16	-0.0	0.16	43.38	0.34	3	
p534	0.613	23.4	0.11	0.63	0.32	-0.08	0.18	42.43	0.33	3	
b020	0.425	22.47	0.18	0.84	0.11	0.07	0.18	41.41	0.29	3	d
d086	0.205	20.94	0.03	0.94	0.02	0.0	0.0	40.16	0.05	3	c
d099	0.211	20.88	0.1	0.92	0.04	-0.06	0.06	40.22	0.08	3	p
e020	0.159	20.65	0.03	1.03	0.06	0.0	0.0	39.99	0.09	3	c
k429	0.181	20.34	0.03	0.95	0.04	0.0	0.0	39.58	0.07	3	c
m026	0.653	22.9	0.25	1.38	0.23	-0.08	0.18	42.85	0.46	3	p
m032	0.155	20.21	0.14	0.96	0.06	0.0	0.0	39.46	0.09	3	p,c,d
m034	0.562	22.9	0.15	1.25	0.11	-0.3	0.12	43.18	0.25	3	p
m039	0.249	22.01	0.24	1.01	0.18	0.3	0.14	40.63	0.19	3	p
m057	0.184	21.01	0.1	1.35	0.18	0.0	0.0	40.75	0.32	3	p,c,d
h311	0.75									3	f
m022	0.24									3	f
m043	0.266									3	f
m075	0.102									3	f
n346	0.266									3	f
n368	0.344									3	f
n395	0.462									3	f
p425	0.453									3	f
p429	0.548									3	f
