# Different H0. 1) Concordance H0=67.8 OmegaM = 0.308, 2) Concordance H0=65.0 OmegaM = 0.308, 3) Concordance H0=75.0 OmegaM = 0.308
trigger,name,number,z,t90,detector,LATburst,flux,flux_err_low,flux_err_up,fluence,fluence_err_low,fluence_err_up,DL1,DL2,DL3,eiso1,eiso1_err_low,eiso1_err_up,eiso1_err,eiso2,eiso2_err_low,eiso2_err_up,eiso2_err,eiso3,eiso3_err_low,eiso3_err_up,eiso3_err
bn080916009,080916C,5,4.35,62.977,L,Y,1.51011984358e-06,1.47945064488e-06,1.54078904228e-06,9.51028173891e-05,9.31713632623e-05,9.70342715159e-05,1.25078798198e+29,1.30466807966e+29,1.13071233571e+29,3.4947560422e+54,3.42378063721e+54,3.56573144719e+54,7.09754049907e+52,3.80232766037e+54,3.72510574778e+54,3.87954957295e+54,7.72219125863e+52,2.85597055379e+54,2.79796831722e+54,2.91397279035e+54,5.80022365649e+52
bn090323002,90323,13,3.57,135.17,L,Y,1.13852576948e-06,1.11332039246e-06,1.1637311465e-06,0.000153894528261,0.00015048751745,0.000157301539072,9.8952761713e+28,1.03215342218e+29,8.94532965886e+28,4.14355093569e+54,4.05181848103e+54,4.23528339034e+54,9.17324546525e+52,4.50822264691e+54,4.40841686778e+54,4.60802842605e+54,9.98057791349e+52,3.38617612146e+54,3.3112108918e+54,3.46114135112e+54,7.49652296613e+52
bn090328401,090328A,14,0.736,61.697,L,Y,1.28926041483e-06,1.25214781291e-06,1.32637301675e-06,7.95434998135e-05,7.72537636131e-05,8.18332360139e-05,1.43755447821e+28,1.49947990189e+28,1.2995492483e+28,1.18990821387e+53,1.15565556068e+53,1.22416086706e+53,3.42526531881e+51,1.2946314021e+53,1.25736419114e+53,1.33189861305e+53,3.72672109541e+51,9.72412030907e+52,9.44420214679e+52,1.00040384713e+53,2.79918162278e+51
bn090510016,90510,17,0.903,0.96,L,Y,1.28904015057e-05,1.19939873009e-05,1.37868157105e-05,1.23747854455e-05,1.15142278089e-05,1.32353430821e-05,1.84765861596e+28,1.92725006403e+28,1.67028338883e+28,2.78966604712e+52,2.59566927595e+52,2.9836628183e+52,1.93996771174e+51,3.03518307031e+52,2.82411274662e+52,3.246253394e+52,2.11070323693e+51,2.27975972837e+52,2.12122246301e+52,2.43829699372e+52,1.58537265352e+51
bn090902462,090902B,20,1.822,19.328,L,Y,2.04645075205e-05,2.03056384437e-05,2.06233765973e-05,0.000395538001357,0.000392467379841,0.000398608622873,4.38716034593e+28,4.57614571468e+28,3.96599295272e+28,3.39006546366e+54,3.36374787112e+54,3.4163830562e+54,2.6317592541e+52,3.68842331976e+54,3.65978952991e+54,3.7170571096e+54,2.86337898452e+52,2.77041573795e+54,2.74890858025e+54,2.79192289566e+54,2.1507157706e+52
bn090926181,090926A,21,2.1062,13.76,L,Y,1.29745121832e-05,1.29048390696e-05,1.30441852968e-05,0.00017852928764,0.000177570585597,0.000179487989683,5.23749608657e+28,5.46311130261e+28,4.73469646226e+28,1.98124116855e+54,1.97060190605e+54,1.99188043106e+54,1.06392625054e+52,2.1556091487e+54,2.14403353037e+54,2.16718476703e+54,1.15756183326e+52,1.6191019828e+54,1.61040740725e+54,1.62779655835e+54,8.69457554759e+51
bn091003191,91003,24,0.8969,20.224,L,Y,2.02666460429e-06,1.96860416256e-06,2.08472504602e-06,4.09872649571e-05,3.98130505836e-05,4.21614793306e-05,1.83230852833e+28,1.91123874186e+28,1.65640690961e+28,9.11615231113e+52,8.85499028712e+52,9.37731433513e+52,2.61162024003e+51,9.91846002127e+52,9.63431326662e+52,1.02026067759e+53,2.84146754656e+51,7.44986552709e+52,7.23643974248e+52,7.6632913117e+52,2.13425784608e+51
bn091208410,091208B,28,1.0633,12.48,L,Y,6.48451861614e-07,5.84077564779e-07,7.12826158449e-07,8.09267923294e-06,7.28928800843e-06,8.89607045745e-06,2.25996127038e+28,2.35731344818e+28,2.04300498842e+28,2.5173395886e+52,2.26743365802e+52,2.76724551918e+52,2.49905930579e+51,2.7388893052e+52,2.46698928676e+52,3.01078932364e+52,2.71900018444e+51,2.05721018924e+52,1.85298306428e+52,2.2614373142e+52,2.04227124964e+51
bn100728095,100728A,33,1.567,165.378,L,Y,8.42341754662e-07,8.1446666155e-07,8.70216847774e-07,0.000139304794702,0.000134694867553,0.000143914721851,3.64578399785e+28,3.80283315468e+28,3.29578873406e+28,9.06425111571e+53,8.76429347685e+53,9.36420875457e+53,2.99957638864e+52,9.86199102929e+53,9.53563427837e+53,1.01883477802e+54,3.2635675092e+52,7.40745103978e+53,7.16232085797e+53,7.65258122158e+53,2.45130181802e+52
bn110731465,110731A,42,2.83,7.485,L,Y,4.40928305061e-06,4.33502189384e-06,4.48354420738e-06,3.30034836338e-05,3.24476388753e-05,3.35593283923e-05,7.49189573083e+28,7.81462354693e+28,6.77267374067e+28,6.07791080615e+53,5.97554661631e+53,6.18027499599e+53,1.02364189837e+52,6.61282449944e+53,6.50145129177e+53,6.72419770711e+53,1.11373207672e+52,4.96696595736e+53,4.8833123036e+53,5.05061961112e+53,8.36536537622e+51
bn130518580,130518A,58,2.49,48.577,L,Y,2.35414355785e-06,2.31643102739e-06,2.39185608831e-06,0.00011435723161,0.000112525270018,0.000116189193202,6.41893613287e+28,6.6954441509e+28,5.80271826411e+28,1.69657936104e+54,1.66940077177e+54,1.7237579503e+54,2.71785892651e+52,1.8458944071e+54,1.81632384466e+54,1.87546496953e+54,2.95705624325e+52,1.38647179911e+54,1.3642610211e+54,1.40868257711e+54,2.22107780048e+52
bn131108862,131108A,65,2.4,18.496,L,Y,2.3442647341e-06,2.30585636943e-06,2.38267309877e-06,4.33595205219e-05,4.2649119409e-05,4.40699216348e-05,6.13884638344e+28,6.40328899688e+28,5.54951713063e+28,6.0393326263e+53,5.94038437763e+53,6.13828087497e+53,9.89482486703e+51,6.57085107453e+53,6.46319444319e+53,6.67850770587e+53,1.07656631341e+52,4.93543925154e+53,4.85457715955e+53,5.01630134352e+53,8.08620919854e+51
bn131231198,131231A,66,0.642,31.232,L,Y,5.54758407497e-06,5.49963199581e-06,5.59553615413e-06,0.000173262145829,0.000171764506493,0.000174759785165,1.21693289454e+28,1.26935461923e+28,1.10010733667e+28,1.9636933125e+53,1.94671958558e+53,1.98066703942e+53,1.69737269214e+51,2.13651691518e+53,2.11804933959e+53,2.15498449077e+53,1.84675755885e+51,1.60476159407e+53,1.59089039285e+53,1.61863279529e+53,1.38712012198e+51
bn081121858,81121,8,2.512,41.984,G,N,5.0791292066e-07,4.72965070982e-07,5.42860770338e-07,2.1324216061e-05,1.98569655401e-05,2.27914665819e-05,6.48766609086e+28,6.767134784e+28,5.86485014614e+28,3.21148139062e+53,2.99050971552e+53,3.43245306572e+53,2.20971675099e+52,3.49412215755e+53,3.253702883e+53,3.7345414321e+53,2.40419274548e+52,2.62447397612e+53,2.44389238768e+53,2.80505556455e+53,1.80581588438e+52
bn081221681,81221,9,2.26,29.696,G,N,9.76519155077e-07,9.59644021574e-07,9.9339428858e-07,2.89987128292e-05,2.84975888647e-05,2.94998367937e-05,5.70675355658e+28,5.95258294056e+28,5.15890521515e+28,3.64040097061e+53,3.57749155192e+53,3.7033103893e+53,6.29094186871e+51,3.96079072136e+53,3.89234467824e+53,4.02923676448e+53,6.84460431237e+51,2.9749939196e+53,2.9235833361e+53,3.0264045031e+53,5.14105835018e+51
bn081222204,81222,10,2.77,18.88,G,N,7.18913321677e-07,6.76333627737e-07,7.61493015617e-07,1.35730835133e-05,1.27691788917e-05,1.43769881349e-05,7.30094502386e+28,7.61544727104e+28,6.60005430157e+28,2.41159953526e+53,2.26876566778e+53,2.55443340274e+53,1.42833867478e+52,2.62384312607e+53,2.46843852598e+53,2.77924772616e+53,1.55404600089e+52,1.9707977258e+53,1.85407160396e+53,2.08752384765e+53,1.16726121845e+52
bn090424592,90424,16,0.544,14.144,G,N,3.73773642115e-06,3.65310705282e-06,3.82236578948e-06,5.28665439408e-05,5.16695461551e-05,5.40635417265e-05,9.95948134147e+27,1.03885051531e+28,9.00337113269e+27,4.26792651097e+52,4.17129264383e+52,4.3645603781e+52,9.66338671384e+50,4.64354445034e+52,4.53840588801e+52,4.74868301266e+52,1.05138562323e+51,3.48781783159e+52,3.40884708922e+52,3.56678857395e+52,7.89707423674e+50
bn090618353,90618,19,0.54,112.384,G,N,2.8624804033e-06,2.82062852813e-06,2.90433227847e-06,0.000321696997644,0.000316993516505,0.000326400478783,9.87140176893e+27,1.02966313836e+28,8.92374719911e+27,2.5579603435e+53,2.52056080816e+53,2.59535987883e+53,3.7399535333e+51,2.7830850711e+53,2.74239402258e+53,2.82377611962e+53,4.06910485208e+51,2.09040612007e+53,2.0598426214e+53,2.12096961874e+53,3.05634986667e+51
bn090926914,090926B,22,1.24,55.552,G,N,1.69001915635e-07,1.58984130665e-07,1.79019700605e-07,9.38839441733e-06,8.83188642668e-06,9.94490240798e-06,2.73216516297e+28,2.84985843153e+28,2.46987730732e+28,3.93157958377e+52,3.6985306345e+52,4.16462853303e+52,2.33048949264e+51,4.27759580919e+52,4.02403634601e+52,4.53115527237e+52,2.5355946318e+51,3.21294974113e+52,3.02249841101e+52,3.40340107125e+52,1.90451330122e+51
bn091127976,91127,27,0.49,8.704,G,N,2.8978603432e-06,2.84895605265e-06,2.94676463375e-06,2.52229764272e-05,2.47973134823e-05,2.56486393721e-05,8.78533136349e+27,9.16377640684e+27,7.9419395526e+27,1.64186038082e+52,1.61415234537e+52,1.66956841626e+52,2.77080354446e+50,1.78635963857e+52,1.75621303368e+52,1.81650624346e+52,3.01466048883e+50,1.34175457297e+52,1.31911112308e+52,1.36439802286e+52,2.26434498939e+50
bn100615083,100615A,31,1.398,37.376,G,N,3.40987803297e-07,3.16561879359e-07,3.65413727235e-07,1.2744760136e-05,1.18318168029e-05,1.36577034691e-05,3.16779006909e+28,3.30424871822e+28,2.86368222245e+28,6.70201101702e+52,6.22192695023e+52,7.18209508381e+52,4.80084066786e+51,7.29185143751e+52,6.76951542767e+52,7.81418744735e+52,5.22336009837e+51,5.47699063528e+52,5.08465825456e+52,5.86932301601e+52,3.92332380722e+51
bn100728439,100728B,34,2.106,10.24,G,N,3.59959639426e-07,2.95838596373e-07,4.24080682479e-07,3.68598670773e-06,3.02938722687e-06,4.34258618859e-06,5.23688978168e+28,5.46247887996e+28,4.73414836264e+28,4.08986567549e+52,3.36132162684e+52,4.81840972414e+52,7.28544048648e+51,4.44981257555e+52,3.65714975317e+52,5.24247539794e+52,7.92662822388e+51,3.34230366786e+52,2.7469258146e+52,3.93768152112e+52,5.9537785326e+51
bn100814160,100814A,35,1.44,150.528,G,N,1.53432467763e-07,1.3544406525e-07,1.71420870276e-07,2.30958825075e-05,2.0388124254e-05,2.5803640761e-05,3.28548467265e+28,3.42701324316e+28,2.97007814407e+28,1.28396590128e+53,1.13343390644e+53,1.43449789612e+53,1.50531994841e+52,1.39696705648e+53,1.23318682094e+53,1.56074729203e+53,1.63780235542e+52,1.04927747798e+53,9.26260323286e+52,1.17229463268e+53,1.23017154696e+52
bn100816026,100816A,36,0.804,2.048,G,N,2.10534592295e-06,1.9445030825e-06,2.2661887634e-06,4.31174845019e-06,3.98234231295e-06,4.64115458743e-06,1.60191348351e+28,1.67091898742e+28,1.4481297891e+28,7.70734608344e+51,7.1185252997e+51,8.29616686718e+51,5.88820783744e+50,8.38566550774e+51,7.74502292039e+51,9.02630809509e+51,6.40642587348e+50,6.29856653692e+51,5.81737277132e+51,6.77976030253e+51,4.81193765608e+50
bn100906576,100906A,37,1.727,110.592,G,N,3.07709178937e-07,2.84535844061e-07,3.30882513813e-07,3.4030173517e-05,3.14673880664e-05,3.65929589676e-05,4.10836009732e+28,4.2853356092e+28,3.71395752798e+28,2.64682906205e+53,2.44749845896e+53,2.84615966514e+53,1.99330603089e+52,2.87977507825e+53,2.66290149493e+53,3.09664866156e+53,2.16873583314e+52,2.16303105877e+53,2.00013490064e+53,2.32592721691e+53,1.62896158134e+52
bn110213220,110213A,41,1.46,34.304,G,N,4.67372479126e-07,4.41732693469e-07,4.93012264783e-07,1.60327455239e-05,1.51531983167e-05,1.69122927311e-05,3.34179222127e+28,3.48574634772e+28,3.02098016803e+28,9.14621790053e+52,8.64446164184e+52,9.64797415922e+52,5.01756258687e+51,9.95117166719e+52,9.40525610738e+52,1.0497087227e+53,5.45915559807e+51,7.4744356078e+52,7.0643923651e+52,7.8844788505e+52,4.10043242699e+51
bn111228657,111228A,45,0.716,101.3776979,G,N,2.41093675437e-07,2.26164973116e-07,2.56022377758e-07,2.4441521794e-05,2.29280843201e-05,2.5954959268e-05,1.38995190259e+28,1.44982675377e+28,1.25651651994e+28,3.45796320612e+52,3.24384351489e+52,3.67208289735e+52,2.14119691228e+51,3.76229670637e+52,3.52933245515e+52,3.9952609576e+52,2.32964251225e+51,2.82590285945e+52,2.65092082187e+52,3.00088489704e+52,1.74982037587e+51
bn120119170,120119A,46,1.728,55.296,G,N,8.40221247897e-07,8.05264695552e-07,8.75177800242e-07,4.64608741237e-05,4.45279166052e-05,4.83938316422e-05,4.11127937739e+28,4.28838064288e+28,3.71659655716e+28,3.61748595836e+53,3.46698412616e+53,3.76798779055e+53,1.50501832198e+52,3.93585897108e+53,3.77211155278e+53,4.09960638938e+53,1.63747418301e+52,2.95626740494e+53,2.83327489964e+53,3.07925991025e+53,1.22992505301e+52
bn120326056,120326A,47,1.798,11.776,G,N,3.71525196099e-07,3.49264496533e-07,3.93785895665e-07,4.37508070926e-06,4.11293871117e-06,4.63722270735e-06,4.3164509579e+28,4.50239038378e+28,3.90207166594e+28,3.66101783732e+52,3.44166039121e+52,3.88037528343e+52,2.1935744611e+51,3.98322206753e+52,3.74455908941e+52,4.22188504566e+52,2.38662978125e+51,2.99184235295e+52,2.81257993827e+52,3.17110476763e+52,1.7926241468e+51
bn120711115,120711A,48,1.405,44.032,G,N,7.84797842476e-06,7.74459298586e-06,7.95136386366e-06,0.000345562185999,0.000341009918353,0.000350114453645,3.18735316441e+28,3.32465453149e+28,2.88136726062e+28,1.83434647485e+54,1.81018168933e+54,1.85851126037e+54,2.41647855199e+52,1.99578633123e+54,1.96949481581e+54,2.02207784666e+54,2.62915154247e+52,1.49905728879e+54,1.47930943943e+54,1.51880513815e+54,1.97478493634e+52
bn120712571,120712A,49,4.1745,22.528,G,N,2.5073867465e-07,2.24619673769e-07,2.76857675531e-07,5.6486408625e-06,5.06023201064e-06,6.23704971436e-06,1.19140035188e+29,1.24272221319e+29,1.0770259181e+29,1.94715661421e+53,1.74432477986e+53,2.14998844857e+53,2.02831834356e+52,2.11852483088e+53,1.8978418748e+53,2.33920778696e+53,2.2068295608e+52,1.59124753964e+53,1.4254901193e+53,1.75700495999e+53,1.65757420345e+52
bn121128212,121128A,54,2.2,17.344,G,N,6.09020993944e-07,5.78679734683e-07,6.39362253205e-07,1.0562860119e-05,1.00366213184e-05,1.10890989196e-05,5.52298633533e+28,5.76089959285e+28,4.99277964714e+28,1.2652878908e+53,1.20225159432e+53,1.32832418727e+53,6.30362964761e+51,1.37664520424e+53,1.30806111689e+53,1.4452292916e+53,6.85840873594e+51,1.03401350897e+53,9.82499238905e+52,1.08552777903e+53,5.1514270061e+51
bn130925173,130925A,62,0.347,215.552,G,N,4.66244995168e-07,4.55008629719e-07,4.77481360617e-07,0.000100500041198,9.80780201527e-05,0.000102922062243,5.84505771282e+27,6.09684481429e+27,5.28393217239e+27,3.20321519077e+52,3.12601865918e+52,3.28041172236e+52,7.71965315863e+50,3.48512845386e+52,3.40113789664e+52,3.56911901108e+52,8.39905572206e+50,2.61771870534e+52,2.55463246458e+52,2.6808049461e+52,6.30862407568e+50
bn140206304,140206A,67,2.74,27.264,G,N,6.56989521884e-07,6.27030003315e-07,6.86949040453e-07,1.79121623246e-05,1.70953460103e-05,1.87289786389e-05,7.20571744442e+28,7.51611758049e+28,6.51396856976e+28,3.124933175e+53,2.98243243433e+53,3.26743391568e+53,1.42500740674e+52,3.39995687957e+53,3.24491472459e+53,3.55499903454e+53,1.55042154973e+52,2.55374538954e+53,2.43729150425e+53,2.67019927483e+53,1.16453885291e+52
bn140213807,140213A,68,1.2076,18.624,G,N,1.35912937924e-06,1.32369278072e-06,1.39456597776e-06,2.5312425559e-05,2.46524543482e-05,2.59723967698e-05,2.64432611663e+28,2.75823554935e+28,2.39047080943e+28,1.00751905967e+53,9.81250001723e+52,1.03378811761e+53,2.62690579444e+51,1.09619027556e+53,1.06760929182e+53,1.1247712593e+53,2.85809837446e+51,8.23360695865e+52,8.01893201408e+52,8.44828190322e+52,2.14674944571e+51
