# Different Cosmologies. 1) Concordance H0=67.8 OmegaM = 0.308, 2) Riess H0=67.8 OmegaM = 0.308, 3) Weyl Gravity H0=67.8 
trigger,name,number,z,t90,detector,LATburst,flux,flux_err_low,flux_err_up,fluence,fluence_err_low,fluence_err_up,DL1,DL2,DL3,eiso1,eiso1_err_low,eiso1_err_up,eiso1_err,eiso2,eiso2_err_low,eiso2_err_up,eiso2_err,eiso3,eiso3_err_low,eiso3_err_up,eiso3_err
bn080916009,080916C,5,4.35,62.977,L,Y,1.51011984358e-06,1.47945064488e-06,1.54078904228e-06,9.51028173891e-05,9.31713632623e-05,9.70342715159e-05,1.25078798198e+29,9.22985649247e+28,2.09166145092e+29,3.4947560422e+54,3.42378063721e+54,3.56573144719e+54,7.09754049907e+52,1.90300251448e+54,1.86435421614e+54,1.94165081283e+54,3.86482983454e+52,9.77309791517e+54,9.57461493835e+54,9.971580892e+54,1.98482976828e+53
bn090323002,90323,13,3.57,135.17,L,Y,1.13852576948e-06,1.11332039246e-06,1.1637311465e-06,0.000153894528261,0.00015048751745,0.000157301539072,9.8952761713e+28,7.81445839383e+28,1.50325938301e+29,4.14355093569e+54,4.05181848103e+54,4.23528339034e+54,9.17324546525e+52,2.58413149442e+54,2.52692241728e+54,2.64134057156e+54,5.72090771436e+52,9.562791553e+54,9.35108464844e+54,9.77449845756e+54,2.11706904562e+53
bn090328401,090328A,14,0.736,61.697,L,Y,1.28926041483e-06,1.25214781291e-06,1.32637301675e-06,7.95434998135e-05,7.72537636131e-05,8.18332360139e-05,1.43755447821e+28,1.4418864377e+28,1.47111229015e+28,1.18990821387e+53,1.15565556068e+53,1.22416086706e+53,3.42526531881e+51,1.19709041226e+53,1.16263101258e+53,1.23154981194e+53,3.44593996813e+51,1.24611030098e+53,1.21023981662e+53,1.28198078534e+53,3.58704843583e+51
bn090510016,90510,17,0.903,0.96,L,Y,1.28904015057e-05,1.19939873009e-05,1.37868157105e-05,1.23747854455e-05,1.15142278089e-05,1.32353430821e-05,1.84765861596e+28,1.83483104325e+28,1.92741718277e+28,2.78966604712e+52,2.59566927595e+52,2.9836628183e+52,1.93996771174e+51,2.75106538319e+52,2.55975294915e+52,2.94237781723e+52,1.91312434038e+51,3.03570947627e+52,2.82460254567e+52,3.24681640687e+52,2.11106930604e+51
bn090902462,090902B,20,1.822,19.328,L,Y,2.04645075205e-05,2.03056384437e-05,2.06233765973e-05,0.000395538001357,0.000392467379841,0.000398608622873,4.38716034593e+28,4.08775876538e+28,5.21338311097e+28,3.39006546366e+54,3.36374787112e+54,3.4163830562e+54,2.6317592541e+52,2.94314450695e+54,2.92029642961e+54,2.9659925843e+54,2.28480773464e+52,4.78718653949e+54,4.75002288407e+54,4.82435019492e+54,3.71636554263e+52
bn090926181,090926A,21,2.1062,13.76,L,Y,1.29745121832e-05,1.29048390696e-05,1.30441852968e-05,0.00017852928764,0.000177570585597,0.000179487989683,5.23749608657e+28,4.76648763281e+28,6.49233226163e+28,1.98124116855e+54,1.97060190605e+54,1.99188043106e+54,1.06392625054e+52,1.64091793497e+54,1.63210620779e+54,1.64972966215e+54,8.81172718243e+51,3.04432767998e+54,3.02797964428e+54,3.06067571567e+54,1.63480356928e+52
bn091003191,91003,24,0.8969,20.224,L,Y,2.02666460429e-06,1.96860416256e-06,2.08472504602e-06,4.09872649571e-05,3.98130505836e-05,4.21614793306e-05,1.83230852833e+28,1.82027297077e+28,1.90997854477e+28,9.11615231113e+52,8.85499028712e+52,9.37731433513e+52,2.61162024003e+51,8.99678635088e+52,8.73904395555e+52,9.25452874622e+52,2.57742395337e+51,9.90538463357e+52,9.62161246619e+52,1.01891568009e+53,2.83772167373e+51
bn091208410,091208B,28,1.0633,12.48,L,Y,6.48451861614e-07,5.84077564779e-07,7.12826158449e-07,8.09267923294e-06,7.28928800843e-06,8.89607045745e-06,2.25996127038e+28,2.2216608226e+28,2.40651783105e+28,2.5173395886e+52,2.26743365802e+52,2.76724551918e+52,2.49905930579e+51,2.43273792629e+52,2.19123072636e+52,2.67424512622e+52,2.41507199933e+51,2.85442068851e+52,2.5710514277e+52,3.13778994932e+52,2.83369260809e+51
bn100728095,100728A,33,1.567,165.378,L,Y,8.42341754662e-07,8.1446666155e-07,8.70216847774e-07,0.000139304794702,0.000134694867553,0.000143914721851,3.64578399785e+28,3.46313025448e+28,4.17115460221e+28,9.06425111571e+53,8.76429347685e+53,9.36420875457e+53,2.99957638864e+52,8.17876467981e+53,7.90810989422e+53,8.44941946539e+53,2.70654785582e+52,1.18648604375e+54,1.14722239718e+54,1.22574969032e+54,3.926364657e+52
bn110731465,110731A,42,2.83,7.485,L,Y,4.40928305061e-06,4.33502189384e-06,4.48354420738e-06,3.30034836338e-05,3.24476388753e-05,3.35593283923e-05,7.49189573083e+28,6.36510406935e+28,1.03068614646e+29,6.07791080615e+53,5.97554661631e+53,6.18027499599e+53,1.02364189837e+52,4.38714401626e+53,4.31325572516e+53,4.46103230736e+53,7.38882911e+51,1.15033345644e+54,1.13095953733e+54,1.16970737555e+54,1.93739191093e+52
bn130518580,130518A,58,2.49,48.577,L,Y,2.35414355785e-06,2.31643102739e-06,2.39185608831e-06,0.00011435723161,0.000112525270018,0.000116189193202,6.41893613287e+28,5.63942756226e+28,8.41543594997e+28,1.69657936104e+54,1.66940077177e+54,1.7237579503e+54,2.71785892651e+52,1.30953803093e+54,1.28855970414e+54,1.33051635773e+54,2.09783267951e+52,2.91609258245e+54,2.86937783136e+54,2.96280733354e+54,4.67147510912e+52
bn131108862,131108A,65,2.4,18.496,L,Y,2.3442647341e-06,2.30585636943e-06,2.38267309877e-06,4.33595205219e-05,4.2649119409e-05,4.40699216348e-05,6.13884638344e+28,5.43979350198e+28,7.94428556887e+28,6.0393326263e+53,5.94038437763e+53,6.13828087497e+53,9.89482486703e+51,4.74220414571e+53,4.66450801203e+53,4.81990027938e+53,7.76961336773e+51,1.01140503717e+54,9.94834206697e+53,1.02797586764e+54,1.65708304736e+52
bn131231198,131231A,66,0.642,31.232,L,Y,5.54758407497e-06,5.49963199581e-06,5.59553615413e-06,0.000173262145829,0.000171764506493,0.000174759785165,1.21693289454e+28,1.22692313213e+28,1.23366029987e+28,1.9636933125e+53,1.94671958558e+53,1.98066703942e+53,1.69737269214e+51,1.99606697494e+53,1.9788134173e+53,2.01332053257e+53,1.72535576374e+51,2.01804840054e+53,2.00060484037e+53,2.03549196072e+53,1.74435601766e+51
bn081121858,81121,8,2.512,41.984,G,N,5.0791292066e-07,4.72965070982e-07,5.42860770338e-07,2.1324216061e-05,1.98569655401e-05,2.27914665819e-05,6.48766609086e+28,5.6877404972e+28,8.53248625081e+28,3.21148139062e+53,2.99050971552e+53,3.43245306572e+53,2.20971675099e+52,2.46835703333e+53,2.29851734814e+53,2.63819671853e+53,1.69839685197e+52,5.55494323451e+53,5.17272550932e+53,5.9371609597e+53,3.8221772519e+52
bn081221681,81221,9,2.26,29.696,G,N,9.76519155077e-07,9.59644021574e-07,9.9339428858e-07,2.89987128292e-05,2.84975888647e-05,2.94998367937e-05,5.70675355658e+28,5.12296801888e+28,7.23596368381e+28,3.64040097061e+53,3.57749155192e+53,3.7033103893e+53,6.29094186871e+51,2.93369036566e+53,2.8829935449e+53,2.98438718642e+53,5.06968207627e+51,5.85280078775e+53,5.75165910083e+53,5.95394247468e+53,1.01141686924e+52
bn081222204,81222,10,2.77,18.88,G,N,7.18913321677e-07,6.76333627737e-07,7.61493015617e-07,1.35730835133e-05,1.27691788917e-05,1.43769881349e-05,7.30094502386e+28,6.24022681328e+28,9.96026967906e+28,2.41159953526e+53,2.26876566778e+53,2.55443340274e+53,1.42833867478e+52,1.76176422003e+53,1.65741870434e+53,1.86610973571e+53,1.04345515685e+52,4.48837598172e+53,4.22253910011e+53,4.75421286334e+53,2.65836881618e+52
bn090424592,90424,16,0.544,14.144,G,N,3.73773642115e-06,3.65310705282e-06,3.82236578948e-06,5.28665439408e-05,5.16695461551e-05,5.40635417265e-05,9.95948134147e+27,1.00895251984e+28,1.00112578953e+28,4.26792651097e+52,4.17129264383e+52,4.3645603781e+52,9.66338671384e+50,4.38010928817e+52,4.28093539239e+52,4.47928318396e+52,9.91738957823e+50,4.31241736783e+52,4.21477614419e+52,4.41005859148e+52,9.76412236475e+50
bn090618353,90618,19,0.54,112.384,G,N,2.8624804033e-06,2.82062852813e-06,2.90433227847e-06,0.000321696997644,0.000316993516505,0.000326400478783,9.87140176893e+27,1.00020815882e+28,9.91962532336e+27,2.5579603435e+53,2.52056080816e+53,2.59535987883e+53,3.7399535333e+51,2.62613432706e+53,2.58773803065e+53,2.66453062347e+53,3.83962964101e+51,2.58301357215e+53,2.54524773751e+53,2.6207794068e+53,3.77658346436e+51
bn090926914,090926B,22,1.24,55.552,G,N,1.69001915635e-07,1.58984130665e-07,1.79019700605e-07,9.38839441733e-06,8.83188642668e-06,9.94490240798e-06,2.73216516297e+28,2.65492250406e+28,2.98093107962e+28,3.93157958377e+52,3.6985306345e+52,4.16462853303e+52,2.33048949264e+51,3.71241799993e+52,3.49236010827e+52,3.93247589159e+52,2.20057891664e+51,4.68012057847e+52,4.40270099176e+52,4.95754016518e+52,2.77419586709e+51
bn091127976,91127,27,0.49,8.704,G,N,2.8978603432e-06,2.84895605265e-06,2.94676463375e-06,2.52229764272e-05,2.47973134823e-05,2.56486393721e-05,8.78533136349e+27,8.92024472213e+27,8.79605352597e+27,1.64186038082e+52,1.61415234537e+52,1.66956841626e+52,2.77080354446e+50,1.69267456362e+52,1.66410898804e+52,1.72124013921e+52,2.8565575583e+50,1.6458704826e+52,1.61809477267e+52,1.67364619252e+52,2.77757099213e+50
bn100615083,100615A,31,1.398,37.376,G,N,3.40987803297e-07,3.16561879359e-07,3.65413727235e-07,1.2744760136e-05,1.18318168029e-05,1.36577034691e-05,3.16779006909e+28,3.04534321333e+28,3.53545278056e+28,6.70201101702e+52,6.22192695023e+52,7.18209508381e+52,4.80084066786e+51,6.19390930395e+52,5.75022200466e+52,6.63759660323e+52,4.43687299288e+51,8.34799987405e+52,7.75000895477e+52,8.94599079332e+52,5.97990919275e+51
bn100728439,100728B,34,2.106,10.24,G,N,3.59959639426e-07,2.95838596373e-07,4.24080682479e-07,3.68598670773e-06,3.02938722687e-06,4.34258618859e-06,5.23688978168e+28,4.76601864865e+28,6.4913887855e+28,4.08986567549e+52,3.36132162684e+52,4.81840972414e+52,7.28544048648e+51,3.38745591598e+52,2.78403491307e+52,3.99087691888e+52,6.03421002903e+51,6.28401798258e+52,5.16462085171e+52,7.40341511346e+52,1.11939713088e+52
bn100814160,100814A,35,1.44,150.528,G,N,1.53432467763e-07,1.3544406525e-07,1.71420870276e-07,2.30958825075e-05,2.0388124254e-05,2.5803640761e-05,3.28548467265e+28,3.14926248438e+28,3.68933380101e+28,1.28396590128e+53,1.13343390644e+53,1.43449789612e+53,1.50531994841e+52,1.17970200784e+53,1.04139389827e+53,1.31801011741e+53,1.3830810957e+52,1.61901361461e+53,1.42920066955e+53,1.80882655968e+53,1.89812945063e+52
bn100816026,100816A,36,0.804,2.048,G,N,2.10534592295e-06,1.9445030825e-06,2.2661887634e-06,4.31174845019e-06,3.98234231295e-06,4.64115458743e-06,1.60191348351e+28,1.60037957182e+28,1.65161317787e+28,7.70734608344e+51,7.1185252997e+51,8.29616686718e+51,5.88820783744e+50,7.69259281721e+51,7.10489914385e+51,8.28028649057e+51,5.87693673363e+50,8.19300887813e+51,7.56708474593e+51,8.81893301033e+51,6.259241322e+50
bn100906576,100906A,37,1.727,110.592,G,N,3.07709178937e-07,2.84535844061e-07,3.30882513813e-07,3.4030173517e-05,3.14673880664e-05,3.65929589676e-05,4.10836009732e+28,3.8563213559e+28,4.81344524724e+28,2.64682906205e+53,2.44749845896e+53,2.84615966514e+53,1.99330603089e+52,2.33203639815e+53,2.15641258158e+53,2.50766021471e+53,1.75623816563e+52,3.63329751493e+53,3.35967675293e+53,3.90691827693e+53,2.73620762004e+52
bn110213220,110213A,41,1.46,34.304,G,N,4.67372479126e-07,4.41732693469e-07,4.93012264783e-07,1.60327455239e-05,1.51531983167e-05,1.69122927311e-05,3.34179222127e+28,3.19873996358e+28,3.7635651331e+28,9.14621790053e+52,8.64446164184e+52,9.64797415922e+52,5.01756258687e+51,8.37993266163e+52,7.92021437085e+52,8.83965095242e+52,4.59718290782e+51,1.16006287686e+53,1.09642249399e+53,1.22370325972e+53,6.36403828624e+51
bn111228657,111228A,45,0.716,101.3776979,G,N,2.41093675437e-07,2.26164973116e-07,2.56022377758e-07,2.4441521794e-05,2.29280843201e-05,2.5954959268e-05,1.38995190259e+28,1.39572274074e+28,1.41941534965e+28,3.45796320612e+52,3.24384351489e+52,3.67208289735e+52,2.14119691228e+51,3.48673653496e+52,3.2708351775e+52,3.70263789243e+52,2.15901357464e+51,3.60611704004e+52,3.38282355161e+52,3.82941052847e+52,2.23293488427e+51
bn120119170,120119A,46,1.728,55.296,G,N,8.40221247897e-07,8.05264695552e-07,8.75177800242e-07,4.64608741237e-05,4.45279166052e-05,4.83938316422e-05,4.11127937739e+28,3.85876669316e+28,4.81758307546e+28,3.61748595836e+53,3.46698412616e+53,3.76798779055e+53,1.50501832198e+52,3.18676410711e+53,3.05418202042e+53,3.31934619379e+53,1.32582086682e+52,4.96719602622e+53,4.76054087636e+53,5.17385117607e+53,2.06655149857e+52
bn120326056,120326A,47,1.798,11.776,G,N,3.71525196099e-07,3.49264496533e-07,3.93785895665e-07,4.37508070926e-06,4.11293871117e-06,4.63722270735e-06,4.3164509579e+28,4.02946624284e+28,5.11104049515e+28,3.66101783732e+52,3.44166039121e+52,3.88037528343e+52,2.1935744611e+51,3.19038626187e+52,2.99922767877e+52,3.38154484498e+52,1.91158583106e+51,5.13294802561e+52,4.82539684178e+52,5.44049920945e+52,3.07551183836e+51
bn120711115,120711A,48,1.405,44.032,G,N,7.84797842476e-06,7.74459298586e-06,7.95136386366e-06,0.000345562185999,0.000341009918353,0.000350114453645,3.18735316441e+28,3.06266329027e+28,3.56091093196e+28,1.83434647485e+54,1.81018168933e+54,1.85851126037e+54,2.41647855199e+52,1.69363375967e+54,1.67132265481e+54,1.71594486453e+54,2.23111048609e+52,2.28951354826e+54,2.25935261378e+54,2.31967448273e+54,3.01609344783e+52
bn120712571,120712A,49,4.1745,22.528,G,N,2.5073867465e-07,2.24619673769e-07,2.76857675531e-07,5.6486408625e-06,5.06023201064e-06,6.23704971436e-06,1.19140035188e+29,8.9170613511e+28,1.95119515738e+29,1.94715661421e+53,1.74432477986e+53,2.14998844857e+53,2.02831834356e+52,1.09075935266e+53,9.77136894805e+52,1.20438181052e+53,1.13622457858e+52,5.22260108983e+53,4.67857204182e+53,5.76663013784e+53,5.4402904801e+52
bn121128212,121128A,54,2.2,17.344,G,N,6.09020993944e-07,5.78679734683e-07,6.39362253205e-07,1.0562860119e-05,1.00366213184e-05,1.10890989196e-05,5.52298633533e+28,4.98491177511e+28,6.94156067088e+28,1.2652878908e+53,1.20225159432e+53,1.32832418727e+53,6.30362964761e+51,1.03075717627e+53,9.79405135811e+52,1.08210921673e+53,5.13520404571e+51,1.99873704566e+53,1.899160513e+53,2.09831357833e+53,9.95765326646e+51
bn130925173,130925A,62,0.347,215.552,G,N,4.66244995168e-07,4.55008629719e-07,4.77481360617e-07,0.000100500041198,9.80780201527e-05,0.000102922062243,5.84505771282e+27,5.95835299857e+27,5.80798016507e+27,3.20321519077e+52,3.12601865918e+52,3.28041172236e+52,7.71965315863e+50,3.32859507553e+52,3.24837692608e+52,3.40881322498e+52,8.02181494476e+50,3.16270552416e+52,3.08648526347e+52,3.23892578485e+52,7.62202606923e+50
bn140206304,140206A,67,2.74,27.264,G,N,6.56989521884e-07,6.27030003315e-07,6.86949040453e-07,1.79121623246e-05,1.70953460103e-05,1.87289786389e-05,7.20571744442e+28,6.17729200331e+28,9.78903222726e+28,3.124933175e+53,2.98243243433e+53,3.26743391568e+53,1.42500740674e+52,2.2965850867e+53,2.19185802293e+53,2.40131215046e+53,1.04727063764e+52,5.7672103866e+53,5.50421860223e+53,6.03020217096e+53,2.62991784364e+52
bn140213807,140213A,68,1.2076,18.624,G,N,1.35912937924e-06,1.32369278072e-06,1.39456597776e-06,2.5312425559e-05,2.46524543482e-05,2.59723967698e-05,2.64432611663e+28,2.57511361052e+28,2.87198371437e+28,1.00751905967e+53,9.81250001723e+52,1.03378811761e+53,2.62690579444e+51,9.55467744919e+52,9.30555821602e+52,9.80379668237e+52,2.49119233174e+51,1.18846716569e+53,1.15748024536e+53,1.21945408603e+53,3.09869203377e+51
